agency,year,state,population,ORI,total_officers,female_employees_officers,male_employees_officers,total_civilians,female_employees_civilians,male_employees_civilians,officers_killed_accident,officers_killed_felony,assault_injury_total,assault_injury_gun,assault_injury_knife,assault_injury_hand_feet,assault_injury_other,assault_no_injury_total,assault_no_injury_gun,assault_no_injury_knife,assault_no_injury_hand_feet,assault_no_injury_other,total_assault_total,total_assault_gun,total_assault_knife,total_assault_hand_feet,total_assault_other,all_oth_total_assault,ambush_total_assault,att_oth_arrest_total_assault,burglary_total_assault,civil_disorder_total_assault,cust_prisoners_total_assault,deranged_total_assault,disturbance_total_assault,robbery_total_assault,susp_pers_total_assault,traffic_total_assault
Fullerton Police Department,1975,California,93217,CA03008,128,2,126,46,37,9,0,0,20,0,0,17,3,19,1,0,13,5,39,1,0,30,8,1,0,1,0,0,16,2,9,0,9,1
Fullerton Police Department,1976,California,94500,CA03008,129,2,127,54,43,11,0,0,16,0,0,11,5,18,1,1,14,2,34,1,1,25,7,0,0,4,0,0,9,0,11,0,2,8
Fullerton Police Department,1977,California,96465,CA03008,121,1,120,53,42,11,0,0,24,1,1,14,8,32,1,1,23,7,56,2,2,37,15,2,0,1,0,3,8,0,20,0,8,14
Fullerton Police Department,1978,California,98487,CA03008,128,1,127,49,37,12,0,0,12,1,2,9,0,30,0,0,20,10,42,1,2,29,10,2,1,2,0,4,14,0,15,0,1,3
Fullerton Police Department,1979,California,100569,CA03008,130,4,126,64,46,18,0,0,38,0,2,28,8,30,0,9,15,6,68,0,11,43,14,4,0,0,2,15,11,0,21,0,7,8
Fullerton Police Department,1981,California,104587,CA03008,143,3,140,54,44,10,0,0,26,0,2,20,4,25,1,5,15,4,51,1,7,35,8,4,0,4,0,0,16,1,19,0,5,2
Fullerton Police Department,1982,California,107033,CA03008,143,5,138,54,45,9,0,0,19,0,2,14,3,20,0,0,15,5,39,0,2,29,8,2,0,1,0,0,6,2,12,0,10,6
Fullerton Police Department,1983,California,108981,CA03008,143,6,137,52,46,6,0,0,19,0,2,14,3,37,5,0,32,0,56,5,2,46,3,0,0,3,2,0,15,0,21,0,14,1
Fullerton Police Department,1984,California,108752,CA03008,142,6,136,55,50,5,0,0,17,0,0,15,2,34,0,4,22,8,51,0,4,37,10,2,0,1,0,0,19,0,17,0,8,4
Fullerton Police Department,1985,California,109999,CA03008,145,6,139,61,52,9,0,0,29,1,4,21,3,20,0,1,15,4,49,1,5,36,7,1,0,5,0,0,16,0,13,1,6,7
Fullerton Police Department,1987,California,111499,CA03008,145,10,135,61,50,11,0,0,11,0,0,8,3,29,0,0,23,6,40,0,0,31,9,4,0,0,1,0,5,0,11,0,10,9
Fullerton Police Department,1988,California,113410,CA03008,141,10,131,71,57,14,0,0,4,0,0,4,0,13,2,0,10,1,17,2,0,14,1,0,0,0,0,0,10,0,4,0,3,0
Fullerton Police Department,1989,California,112645,CA03008,145,10,135,77,60,17,0,0,6,0,0,5,1,11,0,0,11,0,17,0,0,16,1,3,0,0,0,0,0,0,10,0,4,0
Fullerton Police Department,1990,California,114144,CA03008,150,10,140,69,61,8,0,1,4,0,0,4,0,6,0,0,6,0,10,0,0,10,0,2,0,1,1,0,1,0,4,0,0,1
Fullerton Police Department,1991,California,116521,CA03008,150,10,140,71,61,10,0,0,7,0,0,7,0,26,2,1,20,3,33,2,1,27,3,6,0,0,0,0,4,0,16,0,6,1
Fullerton Police Department,1992,California,118388,CA03008,148,10,138,67,59,8,0,0,5,0,0,5,0,19,0,0,22,4,24,0,0,20,4,4,0,0,0,0,0,0,15,0,3,2
Fullerton Police Department,1993,California,116657,CA03008,146,10,136,70,54,16,0,0,8,0,0,8,0,19,1,0,14,4,27,1,0,22,4,3,0,1,2,0,1,0,12,0,7,1
Fullerton Police Department,1994,California,117479,CA03008,147,10,137,69,57,12,0,0,4,0,0,3,1,23,3,0,16,4,27,3,0,19,5,4,0,2,1,0,3,0,12,0,3,2
Fullerton Police Department,1995,California,117450,CA03008,147,11,136,68,55,13,0,0,16,0,0,13,3,19,0,0,17,2,35,0,0,30,5,2,0,5,0,0,1,0,14,1,9,3
Fullerton Police Department,1996,California,118524,CA03008,148,12,136,71,58,13,0,0,2,0,0,2,0,31,0,2,23,6,33,0,2,25,6,2,0,1,0,0,0,0,18,0,10,2
Fullerton Police Department,1997,California,119973,CA03008,149,11,138,68,56,12,0,0,4,0,0,1,3,15,2,0,12,1,19,2,0,13,4,1,0,2,0,0,1,0,5,0,5,5
Fullerton Police Department,1998,California,124217,CA03008,150,11,139,65,53,12,0,0,4,0,0,3,1,18,0,0,16,2,22,0,0,19,3,4,0,1,1,0,2,0,7,0,4,3
Fullerton Police Department,1999,California,123741,CA03008,152,13,139,71,57,14,0,0,0,0,0,0,0,25,5,0,14,6,25,5,0,14,6,9,0,1,0,5,0,0,7,0,1,2
Fullerton Police Department,2000,California,126003,CA03008,152,12,140,71,61,10,0,0,4,0,0,3,1,15,0,1,11,3,19,0,1,14,4,3,0,0,1,0,0,1,12,0,1,1
Fullerton Police Department,2001,California,128345,CA03008,147,11,136,66,55,11,0,0,8,0,0,7,1,24,1,0,19,4,32,1,0,26,5,6,0,1,1,0,0,2,9,0,8,5
Fullerton Police Department,2002,California,130632,CA03008,151,11,140,71,55,16,0,0,9,0,0,7,2,23,0,1,19,3,32,0,1,26,5,2,0,4,1,0,0,0,16,0,7,2
Fullerton Police Department,2003,California,130194,CA03008,147,11,136,69,59,10,0,0,8,0,0,4,4,27,0,0,22,5,35,0,0,26,9,6,0,4,0,0,0,0,19,0,4,2
Fullerton Police Department,2004,California,132763,CA03008,148,14,134,74,58,16,0,0,11,0,0,10,1,23,1,0,16,6,34,1,0,26,7,1,0,2,3,0,0,0,13,0,12,3
Fullerton Police Department,2005,California,134325,CA03008,153,16,137,65,56,9,0,0,5,0,0,4,1,18,0,0,16,2,23,0,0,20,3,4,0,1,0,0,0,0,13,0,4,1
Fullerton Police Department,2006,California,133983,CA03008,158,14,144,65,54,11,0,0,2,0,0,2,0,24,9,0,14,1,26,9,0,16,1,2,0,0,1,1,3,1,14,0,4,0
Fullerton Police Department,2007,California,133855,CA03008,159,19,140,67,56,11,0,0,2,0,0,2,0,12,0,0,10,2,14,0,0,12,2,1,0,1,0,1,2,0,5,0,3,1
Fullerton Police Department,2008,California,132776,CA03008,158,18,140,74,65,9,0,0,6,0,0,4,2,5,0,0,5,0,11,0,0,9,2,0,0,3,0,1,2,0,4,0,0,1
Fullerton Police Department,2009,California,132478,CA03008,156,18,138,68,59,9,0,0,1,0,0,0,1,4,0,0,4,0,5,0,0,4,1,0,0,0,0,0,2,0,3,0,0,0
Fullerton Police Department,2010,California,135161,CA03008,147,17,130,69,62,7,0,0,3,0,0,3,0,10,0,0,9,1,13,0,0,12,1,4,0,2,0,0,3,0,3,0,1,0
Fullerton Police Department,2011,California,136750,CA03008,142,15,127,69,59,10,0,0,5,0,0,5,0,19,0,0,19,0,24,0,0,24,0,6,0,1,0,0,8,0,6,0,0,3
Fullerton Police Department,2012,California,138455,CA03008,139,15,124,65,55,10,0,0,5,0,0,5,0,17,2,0,13,2,22,2,0,18,2,6,0,0,0,0,7,0,3,0,4,2
Fullerton Police Department,2013,California,139676,CA03008,135,15,120,64,54,10,0,0,3,1,0,1,1,18,1,1,15,1,21,2,1,16,2,6,0,1,0,0,7,0,4,0,1,2
Fullerton Police Department,2014,California,139895,CA03008,137,13,124,63,54,9,0,0,5,0,0,5,0,12,0,0,10,2,17,0,0,15,2,2,0,0,1,0,7,0,4,0,3,0
Fullerton Police Department,2015,California,140771,CA03008,140,12,128,63,53,10,0,0,5,1,0,4,0,12,1,0,9,2,17,2,0,13,2,1,0,1,0,0,5,0,4,0,3,3
