agency,year,state,population,ORI,total_officers,female_employees_officers,male_employees_officers,total_civilians,female_employees_civilians,male_employees_civilians,officers_killed_accident,officers_killed_felony,assault_injury_total,assault_injury_gun,assault_injury_knife,assault_injury_hand_feet,assault_injury_other,assault_no_injury_total,assault_no_injury_gun,assault_no_injury_knife,assault_no_injury_hand_feet,assault_no_injury_other,total_assault_total,total_assault_gun,total_assault_knife,total_assault_hand_feet,total_assault_other,all_oth_total_assault,ambush_total_assault,att_oth_arrest_total_assault,burglary_total_assault,civil_disorder_total_assault,cust_prisoners_total_assault,deranged_total_assault,disturbance_total_assault,robbery_total_assault,susp_pers_total_assault,traffic_total_assault
San Joaquin County Sheriff's Office,1976,California,112740,CA03900,272,10,262,80,52,28,0,0,21,0,1,19,1,8,1,0,7,0,29,1,1,26,1,2,0,3,0,0,17,0,3,0,0,4
San Joaquin County Sheriff's Office,1977,California,114559,CA03900,272,12,260,78,50,28,0,0,21,2,0,18,1,15,4,2,7,2,36,6,2,25,3,4,0,3,1,0,8,0,16,0,3,1
San Joaquin County Sheriff's Office,1978,California,111144,CA03900,270,11,259,73,50,23,0,0,18,0,0,16,2,6,1,0,3,2,24,1,0,19,4,1,0,0,0,0,6,0,14,0,0,3
San Joaquin County Sheriff's Office,1979,California,112547,CA03900,272,12,260,86,55,31,0,0,10,0,0,10,0,14,3,0,6,5,24,3,0,16,5,3,0,4,2,0,6,1,2,0,1,5
San Joaquin County Sheriff's Office,1980,California,112200,CA03900,276,15,261,88,55,33,0,0,15,0,2,10,3,31,2,2,15,12,46,2,4,25,15,0,0,5,0,0,15,0,15,0,4,7
San Joaquin County Sheriff's Office,1981,California,115186,CA03900,279,19,260,73,54,19,0,0,7,0,0,4,3,24,6,2,10,6,31,6,2,14,9,2,0,6,1,0,5,0,14,0,1,2
San Joaquin County Sheriff's Office,1982,California,117879,CA03900,285,18,267,93,71,22,0,1,13,0,0,11,2,22,1,0,12,9,35,1,0,23,11,1,0,4,2,0,14,0,8,0,4,2
San Joaquin County Sheriff's Office,1983,California,120024,CA03900,285,18,267,84,59,25,0,0,15,0,0,14,1,16,3,0,12,1,31,3,0,26,2,1,0,5,1,1,13,0,7,0,2,1
San Joaquin County Sheriff's Office,1984,California,122738,CA03900,286,20,266,122,79,43,0,0,18,0,0,17,1,22,0,1,18,3,40,0,1,35,4,1,0,5,0,0,19,0,11,0,1,3
San Joaquin County Sheriff's Office,1985,California,135308,CA03900,275,20,255,143,82,61,0,0,7,0,0,6,1,6,0,0,3,3,13,0,0,9,4,0,0,2,0,0,6,0,3,0,0,2
San Joaquin County Sheriff's Office,1986,California,132674,CA03900,364,40,324,96,54,42,0,0,9,0,1,6,2,6,3,1,2,0,15,3,2,8,2,0,1,1,1,0,3,0,7,0,2,0
San Joaquin County Sheriff's Office,1987,California,136535,CA03900,327,33,294,188,85,103,0,0,2,0,0,1,1,7,0,0,3,4,9,0,0,4,5,1,0,3,0,0,1,0,2,0,0,2
San Joaquin County Sheriff's Office,1988,California,138987,CA03900,233,27,206,108,86,22,0,0,9,0,0,8,1,5,2,0,1,2,14,2,0,9,3,0,0,2,1,0,8,0,1,0,0,2
San Joaquin County Sheriff's Office,1989,California,143306,CA03900,444,71,373,134,100,34,0,1,2,0,0,1,1,11,2,3,5,1,13,2,3,6,2,1,1,1,0,0,4,0,4,0,0,2
San Joaquin County Sheriff's Office,1990,California,131588,CA03900,429,51,378,168,127,41,0,0,4,0,0,3,1,7,1,0,6,0,11,1,0,9,1,0,0,2,0,0,5,0,3,0,1,0
San Joaquin County Sheriff's Office,1991,California,134328,CA03900,470,75,395,163,128,35,0,0,6,0,0,6,0,5,2,0,3,0,11,2,0,9,0,0,0,2,1,0,3,0,2,0,0,3
San Joaquin County Sheriff's Office,1992,California,136481,CA03900,452,69,383,180,137,43,0,0,13,0,0,12,1,10,2,1,13,2,23,2,1,17,3,0,0,3,2,0,10,0,3,1,1,3
San Joaquin County Sheriff's Office,1993,California,138378,CA03900,165,13,152,153,103,50,0,0,6,0,0,4,2,8,1,0,3,4,14,1,0,7,6,0,0,1,0,0,4,0,5,0,1,3
San Joaquin County Sheriff's Office,1994,California,139353,CA03900,162,13,149,151,101,50,0,0,16,0,0,9,7,8,1,0,3,4,24,1,0,12,11,0,1,1,0,0,6,1,12,0,1,2
San Joaquin County Sheriff's Office,1995,California,141635,CA03900,152,16,136,155,103,52,0,0,13,0,0,12,1,7,0,2,3,2,20,0,2,15,3,3,0,7,0,0,4,2,2,0,0,2
San Joaquin County Sheriff's Office,1996,California,142930,CA03900,158,18,140,158,104,54,0,0,4,0,1,3,0,6,0,0,3,3,10,0,1,6,3,0,0,0,0,0,2,0,3,0,2,3
San Joaquin County Sheriff's Office,1997,California,144678,CA03900,189,21,168,119,78,41,0,0,6,0,0,6,0,9,0,1,6,2,15,0,1,12,2,3,0,0,0,0,4,0,3,0,3,2
San Joaquin County Sheriff's Office,1998,California,145769,CA03900,185,19,166,114,88,26,0,0,8,0,0,8,0,5,1,0,3,1,13,1,0,11,1,0,0,2,0,0,4,0,3,0,4,0
San Joaquin County Sheriff's Office,1999,California,146316,CA03900,193,21,172,114,88,26,0,0,9,0,0,7,2,9,0,0,9,0,18,0,0,16,2,2,0,2,0,0,3,0,6,0,2,3
San Joaquin County Sheriff's Office,2000,California,140532,CA03900,246,29,217,390,228,162,0,0,9,0,0,9,0,8,0,1,2,5,17,0,1,11,5,2,0,0,0,0,7,2,3,0,2,1
San Joaquin County Sheriff's Office,2001,California,143144,CA03900,486,120,366,205,157,48,0,0,7,0,0,6,1,4,0,1,3,0,11,0,1,9,1,0,2,3,0,0,3,0,3,0,0,0
San Joaquin County Sheriff's Office,2002,California,145695,CA03900,301,38,263,417,250,167,0,0,10,0,0,5,5,5,0,0,4,1,15,0,0,9,6,0,0,4,0,0,3,0,5,0,1,2
San Joaquin County Sheriff's Office,2003,California,149398,CA03900,298,36,262,420,242,178,0,0,16,0,0,10,6,10,0,1,7,2,26,0,1,17,8,9,0,11,0,0,0,0,6,0,0,0
San Joaquin County Sheriff's Office,2004,California,151028,CA03900,281,30,251,411,231,180,0,0,5,0,0,2,3,14,0,0,5,9,19,0,0,7,12,8,0,7,1,0,2,0,1,0,0,0
San Joaquin County Sheriff's Office,2005,California,150789,CA03900,282,32,250,416,230,186,0,0,14,0,0,10,4,13,3,0,4,6,27,3,0,14,10,10,0,3,0,0,1,0,12,0,1,0
San Joaquin County Sheriff's Office,2006,California,152978,CA03900,289,31,258,428,226,202,0,0,5,0,0,2,3,20,0,1,13,6,25,0,1,15,9,1,0,10,0,0,1,0,9,0,4,0
San Joaquin County Sheriff's Office,2007,California,151888,CA03900,296,32,264,441,227,214,0,0,2,1,0,1,0,11,0,1,6,4,13,1,1,7,4,1,0,3,0,0,0,0,8,0,0,1
San Joaquin County Sheriff's Office,2008,California,155296,CA03900,354,39,315,515,235,280,0,0,3,0,0,0,3,23,0,5,11,7,26,0,5,11,10,8,0,7,0,0,0,0,11,0,0,0
San Joaquin County Sheriff's Office,2009,California,157444,CA03900,320,36,284,462,250,212,0,0,1,0,0,1,0,22,0,0,14,8,23,0,0,15,8,3,0,7,0,0,3,0,8,0,2,0
San Joaquin County Sheriff's Office,2010,California,160018,CA03900,292,29,263,407,218,189,0,0,0,0,0,0,0,28,1,2,24,1,28,1,2,24,1,1,0,13,0,0,0,0,14,0,0,0
San Joaquin County Sheriff's Office,2011,California,161899,CA03900,284,26,258,407,210,197,0,0,3,0,0,1,2,24,2,0,11,11,27,2,0,12,13,0,2,4,2,0,1,0,12,0,0,6
San Joaquin County Sheriff's Office,2012,California,163937,CA03900,280,21,259,402,204,198,0,0,12,0,0,11,1,14,1,0,8,5,26,1,0,19,6,4,0,13,0,0,3,0,4,0,2,0
San Joaquin County Sheriff's Office,2013,California,165703,CA03900,276,22,254,424,211,213,0,0,3,0,0,3,0,19,3,0,15,1,22,3,0,18,1,3,0,11,1,0,3,1,3,0,0,0
San Joaquin County Sheriff's Office,2014,California,169226,CA03900,290,21,269,431,210,221,0,0,12,0,0,12,0,11,1,0,7,3,23,1,0,19,3,1,1,11,0,1,2,5,2,0,0,0
San Joaquin County Sheriff's Office,2015,California,168830,CA03900,280,22,258,422,202,220,0,0,19,0,0,16,3,10,0,2,7,1,29,0,2,23,4,2,0,2,0,0,16,2,4,0,2,1
