agency,year,state,population,ORI,total_officers,female_employees_officers,male_employees_officers,total_civilians,female_employees_civilians,male_employees_civilians,officers_killed_accident,officers_killed_felony,assault_injury_total,assault_injury_gun,assault_injury_knife,assault_injury_hand_feet,assault_injury_other,assault_no_injury_total,assault_no_injury_gun,assault_no_injury_knife,assault_no_injury_hand_feet,assault_no_injury_other,total_assault_total,total_assault_gun,total_assault_knife,total_assault_hand_feet,total_assault_other,all_oth_total_assault,ambush_total_assault,att_oth_arrest_total_assault,burglary_total_assault,civil_disorder_total_assault,cust_prisoners_total_assault,deranged_total_assault,disturbance_total_assault,robbery_total_assault,susp_pers_total_assault,traffic_total_assault
Contra Costa County Sheriff's Office,2016,California,162609,CA00700,633,96,537,324,213,111,0,0,24,0,0,24,0,10,0,0,9,1,34,0,0,33,1,0,0,5,2,0,21,0,2,0,4,0
Contra Costa County Sheriff's Office,2015,California,167338,CA00700,610,88,522,326,213,113,0,0,23,0,0,21,2,18,0,1,12,5,41,0,1,33,7,1,1,3,0,0,24,0,2,1,3,6
Contra Costa County Sheriff's Office,2014,California,170806,CA00700,639,92,547,301,212,89,0,0,21,0,0,20,1,5,0,0,4,1,26,0,0,24,2,2,0,5,0,4,10,0,0,0,4,1
Contra Costa County Sheriff's Office,2013,California,162983,CA00700,654,91,563,311,204,107,0,0,9,0,0,9,0,5,0,0,4,1,14,0,0,13,1,0,0,0,0,0,8,0,2,0,3,1
Contra Costa County Sheriff's Office,2012,California,158723,CA00700,640,87,553,300,204,96,0,0,18,0,0,17,1,19,0,0,16,3,37,0,0,33,4,0,0,6,0,0,20,0,1,0,9,1
Contra Costa County Sheriff's Office,2011,California,156527,CA00700,618,84,534,302,208,94,0,0,18,0,0,16,2,17,1,0,11,5,35,1,0,27,7,2,0,5,0,0,11,1,3,3,5,5
Contra Costa County Sheriff's Office,2010,California,154708,CA00700,637,89,548,315,211,104,0,0,21,0,0,20,1,25,12,0,9,4,46,12,0,29,5,4,0,6,3,0,10,0,0,0,23,0
Contra Costa County Sheriff's Office,2009,California,162487,CA00700,640,85,555,316,212,104,0,0,27,0,0,23,4,13,0,1,8,4,40,0,1,31,8,1,0,7,0,1,11,0,2,1,12,5
Contra Costa County Sheriff's Office,2008,California,158575,CA00700,681,93,588,323,217,106,0,0,35,0,0,31,4,23,0,0,20,3,58,0,0,51,7,2,0,20,0,0,18,1,1,0,13,3
Contra Costa County Sheriff's Office,2007,California,155444,CA00700,674,94,580,331,233,98,0,0,23,0,0,19,4,26,1,2,22,1,49,1,2,41,5,4,0,9,1,0,19,0,2,0,8,6
Contra Costa County Sheriff's Office,2006,California,161180,CA00700,711,100,611,321,227,94,0,0,24,1,0,20,3,28,0,0,15,13,52,1,0,35,16,8,0,8,0,0,11,2,4,0,4,15
Contra Costa County Sheriff's Office,2005,California,158029,CA00700,684,99,585,327,233,94,0,0,27,0,0,25,2,23,0,1,17,5,50,0,1,42,7,11,0,2,0,0,20,0,8,0,5,4
Contra Costa County Sheriff's Office,2004,California,155844,CA00700,695,97,598,357,241,116,0,0,25,1,0,23,1,18,0,2,14,2,43,1,2,37,3,5,0,9,0,1,14,1,9,0,3,1
Contra Costa County Sheriff's Office,2003,California,154048,CA00700,710,97,613,350,234,116,0,0,31,0,0,26,5,15,0,0,12,3,46,0,0,38,8,0,0,12,0,7,17,0,3,0,6,1
Contra Costa County Sheriff's Office,2002,California,152143,CA00700,670,88,582,410,250,160,0,0,14,0,0,11,3,16,0,0,14,2,30,0,0,25,5,0,1,0,4,9,1,0,2,0,13,0
Contra Costa County Sheriff's Office,2001,California,149481,CA00700,687,86,601,323,217,106,0,0,25,0,0,19,6,8,0,0,6,2,33,0,0,25,8,0,1,0,1,14,0,0,4,0,12,1
Contra Costa County Sheriff's Office,2000,California,146754,CA00700,687,98,589,318,208,110,0,0,29,0,0,21,8,16,0,0,11,5,45,0,0,32,13,1,1,0,3,10,4,0,2,1,23,0
Contra Costa County Sheriff's Office,1999,California,172249,CA00700,638,75,563,288,187,101,0,0,27,0,0,21,6,29,0,0,22,7,56,0,0,43,13,1,6,0,18,7,2,0,3,0,19,0
Contra Costa County Sheriff's Office,1998,California,168714,CA00700,575,70,505,227,154,73,0,0,13,0,0,11,2,12,1,2,6,3,25,1,2,17,5,1,0,2,0,2,6,3,3,0,5,3
Contra Costa County Sheriff's Office,1997,California,167448,CA00700,677,91,586,174,132,42,0,0,22,0,0,22,0,12,2,0,9,1,34,2,0,31,1,0,0,1,0,0,15,0,11,0,3,4
Contra Costa County Sheriff's Office,1996,California,165425,CA00700,571,69,502,272,156,116,0,0,23,0,1,19,3,17,0,0,13,4,40,0,1,32,7,0,0,2,0,0,18,2,10,0,4,4
Contra Costa County Sheriff's Office,1995,California,163926,CA00700,620,76,544,262,181,81,0,0,23,0,0,20,3,27,6,3,18,0,50,6,3,38,3,1,0,8,1,0,17,6,8,0,6,3
Contra Costa County Sheriff's Office,1994,California,157343,CA00700,575,37,538,238,114,124,0,0,29,1,0,21,7,31,10,0,15,6,60,11,0,36,13,2,0,6,0,0,30,1,9,0,7,5
Contra Costa County Sheriff's Office,1993,California,156242,CA00700,572,66,506,238,182,56,0,0,31,1,1,25,4,29,4,0,14,11,60,5,1,39,15,5,0,4,0,3,13,0,18,1,7,9
Contra Costa County Sheriff's Office,1992,California,150362,CA00700,589,76,513,239,171,68,0,0,40,0,0,26,14,30,0,5,24,10,70,0,5,41,24,0,0,9,0,1,24,0,17,0,9,10
Contra Costa County Sheriff's Office,1991,California,147990,CA00700,624,86,538,324,225,99,0,0,62,1,2,48,11,22,3,1,10,8,84,4,3,58,19,5,0,8,0,1,38,0,17,1,8,6
Contra Costa County Sheriff's Office,1990,California,144971,CA00700,627,70,557,312,216,96,0,0,42,2,0,33,7,3,1,0,1,1,45,3,0,34,8,2,0,8,0,1,15,0,10,1,0,8
Contra Costa County Sheriff's Office,1989,California,150152,CA00700,617,76,541,297,224,73,0,0,21,2,0,15,4,5,2,1,1,1,26,4,1,16,5,6,0,3,0,1,6,0,7,0,0,3
Contra Costa County Sheriff's Office,1988,California,146386,CA00700,327,48,279,182,137,45,0,0,13,2,2,9,0,4,1,0,2,1,17,3,2,11,1,2,0,0,0,0,8,1,2,0,3,1
Contra Costa County Sheriff's Office,1987,California,143456,CA00700,477,62,415,166,128,38,0,0,21,0,3,16,2,1,0,0,1,0,22,0,3,17,2,0,0,6,0,0,3,3,8,0,2,0
Contra Costa County Sheriff's Office,1986,California,164123,CA00700,475,57,418,164,127,37,0,0,15,0,0,14,1,0,0,0,0,0,15,0,0,14,1,0,0,5,0,0,1,2,2,1,2,2
Contra Costa County Sheriff's Office,1985,California,152185,CA00700,457,56,401,179,129,50,0,0,21,3,2,14,2,5,0,0,5,0,26,3,2,19,2,1,0,4,0,0,7,0,4,0,2,8
Contra Costa County Sheriff's Office,1984,California,172021,CA00700,450,48,402,177,129,48,0,0,31,0,0,26,5,0,0,0,0,0,31,0,0,26,5,0,0,7,0,0,9,4,5,0,2,4
Contra Costa County Sheriff's Office,1983,California,172152,CA00700,410,43,367,168,116,52,0,0,22,1,0,19,2,0,0,0,0,0,22,1,0,19,2,4,0,1,2,0,10,1,2,0,0,2
Contra Costa County Sheriff's Office,1982,California,195521,CA00700,407,50,357,162,98,64,0,0,10,0,0,7,3,0,0,0,0,0,10,0,0,7,3,1,0,6,0,0,1,0,1,0,0,1
Contra Costa County Sheriff's Office,1981,California,191056,CA00700,399,45,354,151,96,55,0,0,17,0,0,14,3,0,0,0,0,0,17,0,0,14,3,1,0,1,0,0,3,2,7,0,1,2
Contra Costa County Sheriff's Office,1980,California,186100,CA00700,394,38,356,131,85,46,0,0,22,0,0,21,1,0,0,0,0,0,22,0,0,21,1,1,0,1,0,0,15,0,5,0,0,0
Contra Costa County Sheriff's Office,1979,California,183330,CA00700,398,30,368,140,88,52,0,1,35,0,0,31,4,7,0,0,6,1,42,0,0,37,5,3,0,10,0,0,14,2,10,0,1,2
Contra Costa County Sheriff's Office,1978,California,178439,CA00700,350,30,320,125,72,53,0,0,28,0,0,23,5,24,0,0,18,6,52,0,0,41,11,3,0,8,1,0,13,3,20,0,0,4
Contra Costa County Sheriff's Office,1977,California,182263,CA00700,322,24,298,106,68,38,0,0,35,0,1,29,5,4,0,0,4,0,39,0,1,33,5,4,0,4,0,0,5,6,18,0,0,2
Contra Costa County Sheriff's Office,1976,California,179010,CA00700,327,18,309,109,67,42,0,0,35,0,2,29,4,1,0,0,1,0,36,0,2,30,4,1,0,6,0,0,4,5,15,0,2,3
Contra Costa County Sheriff's Office,1975,California,178652,CA00700,307,18,289,104,65,39,0,0,39,1,1,33,4,5,0,0,4,1,44,1,1,37,5,7,0,3,3,0,11,2,12,0,2,4
