agency,year,state,population,ORI,total_officers,female_employees_officers,male_employees_officers,total_civilians,female_employees_civilians,male_employees_civilians,officers_killed_accident,officers_killed_felony,assault_injury_total,assault_injury_gun,assault_injury_knife,assault_injury_hand_feet,assault_injury_other,assault_no_injury_total,assault_no_injury_gun,assault_no_injury_knife,assault_no_injury_hand_feet,assault_no_injury_other,total_assault_total,total_assault_gun,total_assault_knife,total_assault_hand_feet,total_assault_other,all_oth_total_assault,ambush_total_assault,att_oth_arrest_total_assault,burglary_total_assault,civil_disorder_total_assault,cust_prisoners_total_assault,deranged_total_assault,disturbance_total_assault,robbery_total_assault,susp_pers_total_assault,traffic_total_assault
Turlock Police Department,2016,California,73031,CA05007,78,7,71,39,33,6,0,0,5,0,0,1,4,9,1,0,6,2,14,1,0,7,6,1,0,2,0,0,0,0,7,0,3,1
Turlock Police Department,2015,California,71895,CA05007,74,6,68,37,32,5,0,0,13,0,0,11,2,16,0,0,16,0,29,0,0,27,2,4,0,3,1,0,2,1,13,1,4,0
Turlock Police Department,2014,California,70786,CA05007,70,6,64,36,32,4,0,0,9,0,0,9,0,7,0,0,6,1,16,0,0,15,1,0,0,2,0,0,2,0,9,2,1,0
Turlock Police Department,2013,California,70075,CA05007,73,8,65,35,34,1,0,0,1,0,0,1,0,16,0,0,15,1,17,0,0,16,1,3,0,1,0,0,1,1,9,0,2,0
Turlock Police Department,2012,California,69730,CA05007,78,9,69,38,35,3,0,0,8,1,0,5,2,24,12,0,11,1,32,13,0,16,3,4,0,3,0,0,0,0,12,0,2,11
Turlock Police Department,2011,California,69355,CA05007,77,9,68,41,37,4,0,0,1,0,0,1,0,8,0,0,8,0,9,0,0,9,0,1,0,0,0,1,0,0,6,0,1,0
Turlock Police Department,2010,California,68549,CA05007,81,9,72,41,36,5,0,0,8,0,0,6,2,14,0,0,14,0,22,0,0,20,2,1,0,2,0,4,4,0,7,0,1,3
Turlock Police Department,2009,California,69859,CA05007,79,7,72,44,38,6,0,0,5,0,0,5,0,4,0,0,4,0,9,0,0,9,0,0,0,0,0,2,2,0,4,1,0,0
Turlock Police Department,2008,California,69738,CA05007,79,7,72,41,38,3,0,0,4,0,1,3,0,6,0,0,6,0,10,0,1,9,0,2,0,2,0,2,1,0,2,0,0,1
Turlock Police Department,2007,California,70386,CA05007,68,4,64,39,36,3,0,0,4,0,0,4,0,3,0,0,2,1,7,0,0,6,1,0,0,1,0,0,1,0,3,0,1,1
Turlock Police Department,2006,California,68278,CA05007,64,5,59,34,32,2,0,0,3,0,0,2,1,13,0,0,9,4,16,0,0,11,5,2,0,4,0,1,0,0,7,0,0,2
Turlock Police Department,2005,California,65919,CA05007,63,4,59,32,30,2,0,0,5,1,0,3,1,5,2,0,2,1,10,3,0,5,2,1,0,2,0,0,0,1,3,0,3,0
Turlock Police Department,2004,California,64199,CA05007,59,3,56,41,37,4,0,0,18,0,0,13,5,5,2,0,2,1,23,2,0,15,6,0,0,1,0,2,0,0,12,4,1,3
Turlock Police Department,2003,California,62294,CA05007,65,5,60,40,34,6,0,0,3,0,0,3,0,4,0,0,4,0,7,0,0,7,0,2,0,1,0,0,0,0,2,0,0,2
Turlock Police Department,2002,California,57861,CA05007,59,3,56,27,26,1,0,0,0,0,0,0,0,4,0,0,4,0,4,0,0,4,0,1,0,0,0,0,0,0,1,0,2,0
Turlock Police Department,2001,California,56847,CA05007,63,3,60,37,32,5,0,0,3,1,0,2,0,13,0,2,11,0,16,1,2,13,0,2,0,7,0,1,1,1,4,0,0,0
Turlock Police Department,2e3,California,55810,CA05007,58,2,56,29,27,2,0,0,5,0,0,4,1,13,1,0,10,2,18,1,0,14,3,1,0,3,0,0,2,2,6,3,0,1
Turlock Police Department,1999,California,51002,CA05007,59,2,57,25,23,2,0,0,1,0,0,0,1,20,4,0,15,1,21,4,0,15,2,1,0,0,0,0,4,0,7,0,2,7
Turlock Police Department,1998,California,50296,CA05007,57,2,55,36,32,4,0,0,5,0,0,4,1,9,0,0,8,1,14,0,0,12,2,1,0,1,0,0,1,1,6,1,0,3
Turlock Police Department,1997,California,47594,CA05007,56,2,54,31,27,4,0,0,7,0,1,6,0,13,0,0,12,1,20,0,1,18,1,2,0,4,1,2,0,1,8,0,0,2
Turlock Police Department,1996,California,47019,CA05007,53,2,51,31,26,5,0,0,5,1,0,4,0,13,1,1,11,0,18,2,1,15,0,3,0,3,2,0,2,0,5,0,1,2
Turlock Police Department,1995,California,46593,CA05007,55,2,53,27,23,4,0,0,6,0,0,5,1,14,0,0,13,1,20,0,0,18,2,2,0,4,0,0,0,1,8,1,0,4
Turlock Police Department,1994,California,46535,CA05007,53,2,51,26,23,3,0,0,4,0,0,2,2,11,0,0,10,1,15,0,0,12,3,4,0,0,1,0,0,0,7,0,0,3
Turlock Police Department,1993,California,46210,CA05007,51,2,49,23,21,2,0,0,6,0,0,2,4,18,1,0,14,3,24,1,0,16,7,3,0,8,0,0,0,0,5,0,6,2
Turlock Police Department,1992,California,43766,CA05007,52,2,50,24,22,2,0,0,4,0,1,2,1,23,0,1,18,4,27,0,2,20,5,6,0,0,0,0,0,2,11,0,4,4
Turlock Police Department,1991,California,43076,CA05007,55,2,53,28,23,5,0,0,6,0,0,6,0,24,0,0,22,2,30,0,0,28,2,0,0,2,0,0,4,3,17,0,3,1
Turlock Police Department,1990,California,42198,CA05007,45,2,43,26,22,4,0,0,8,0,0,5,3,7,0,0,6,1,15,0,0,11,4,1,0,4,3,0,1,0,4,0,0,2
Turlock Police Department,1989,California,38523,CA05007,48,2,46,26,22,4,0,0,10,0,0,9,1,17,3,0,12,2,27,3,0,21,3,2,0,8,0,0,6,1,5,2,1,2
Turlock Police Department,1988,California,35760,CA05007,45,1,44,21,19,2,0,0,6,0,1,5,0,15,0,0,11,4,21,0,1,16,4,4,0,8,0,0,2,0,5,0,0,2
Turlock Police Department,1987,California,34818,CA05007,41,1,40,22,19,3,0,0,7,0,0,6,1,9,1,0,5,3,16,1,0,11,4,1,0,5,0,0,1,0,5,0,2,2
Turlock Police Department,1986,California,33057,CA05007,42,1,41,24,20,4,0,0,3,0,0,2,1,10,1,0,8,1,13,1,0,10,2,1,0,6,0,0,1,0,4,0,0,1
Turlock Police Department,1985,California,30704,CA05007,42,1,41,22,18,4,0,0,7,0,0,7,0,10,1,0,9,0,17,1,0,16,0,1,0,9,0,0,1,0,3,0,0,3
Turlock Police Department,1984,California,29839,CA05007,41,1,40,22,17,5,0,0,2,0,0,1,1,6,0,0,4,2,8,0,0,5,3,2,0,1,0,0,1,0,2,0,0,2
Turlock Police Department,1983,California,27815,CA05007,40,1,39,15,13,2,0,0,3,0,0,2,1,6,0,0,3,3,9,0,0,5,4,2,0,0,0,0,2,0,4,0,0,1
Turlock Police Department,1982,California,27318,CA05007,41,2,39,14,12,2,0,0,3,0,0,3,0,8,1,0,6,1,11,1,0,9,1,3,0,1,0,0,0,0,4,0,1,2
Turlock Police Department,1981,California,26694,CA05007,41,2,39,17,13,4,0,0,7,0,0,6,1,10,2,0,8,0,17,2,0,14,1,0,0,2,1,0,2,0,7,0,2,3
Turlock Police Department,1980,California,26002,CA05007,36,0,36,18,15,3,0,0,4,1,0,2,1,8,2,0,5,1,12,3,0,7,2,3,1,0,0,0,1,0,4,0,0,3
Turlock Police Department,1979,California,20999,CA05007,33,0,33,17,12,5,0,0,3,0,0,3,0,6,2,1,2,1,9,2,1,5,1,0,0,0,0,0,1,0,6,0,1,1
Turlock Police Department,1978,California,20747,CA05007,28,0,28,15,9,6,0,0,2,0,0,2,0,1,0,0,1,0,3,0,0,3,0,0,0,0,0,0,1,0,2,0,0,0
Turlock Police Department,1977,California,18614,CA05007,31,0,31,19,9,10,0,0,0,0,0,0,0,0,0,0,0,0,0,0,0,0,0,0,0,0,0,0,0,0,0,0,0,0
Turlock Police Department,1976,California,18350,CA05007,26,0,26,11,0,11,0,0,0,0,0,0,0,0,0,0,0,0,0,0,0,0,0,0,0,0,0,0,0,0,0,0,0,0
Turlock Police Department,1975,California,15954,CA05007,25,0,25,11,0,11,0,0,0,0,0,0,0,0,0,0,0,0,0,0,0,0,0,0,0,0,0,0,0,0,0,0,0,0
