agency,year,state,population,ORI,total_officers,female_employees_officers,male_employees_officers,total_civilians,female_employees_civilians,male_employees_civilians,officers_killed_accident,officers_killed_felony,assault_injury_total,assault_injury_gun,assault_injury_knife,assault_injury_hand_feet,assault_injury_other,assault_no_injury_total,assault_no_injury_gun,assault_no_injury_knife,assault_no_injury_hand_feet,assault_no_injury_other,total_assault_total,total_assault_gun,total_assault_knife,total_assault_hand_feet,total_assault_other,all_oth_total_assault,ambush_total_assault,att_oth_arrest_total_assault,burglary_total_assault,civil_disorder_total_assault,cust_prisoners_total_assault,deranged_total_assault,disturbance_total_assault,robbery_total_assault,susp_pers_total_assault,traffic_total_assault
Fremont Police Department,1975,California,116596,CA00105,117,2,115,64,35,29,0,0,11,0,0,11,0,32,0,2,29,1,43,0,2,40,1,0,0,7,1,0,10,0,17,0,5,3
Fremont Police Department,1976,California,117400,CA00105,119,1,118,64,33,31,6,0,32,2,0,27,3,77,4,0,63,10,109,6,0,90,13,1,0,62,4,0,4,2,22,3,5,6
Fremont Police Department,1977,California,119572,CA00105,121,1,120,74,40,34,0,0,32,0,0,27,5,100,3,0,87,10,132,3,0,114,15,7,0,27,2,4,15,0,42,0,20,15
Fremont Police Department,1978,California,120584,CA00105,129,1,128,68,39,29,0,0,16,0,0,15,1,35,1,2,29,3,51,1,2,44,4,0,0,4,0,2,9,1,12,3,6,14
Fremont Police Department,1980,California,131486,CA00105,140,5,135,68,49,19,0,0,17,2,0,12,3,58,1,1,53,3,75,3,1,65,6,2,0,7,2,0,13,0,20,0,17,14
Fremont Police Department,1981,California,134986,CA00105,148,6,142,70,51,19,0,0,22,0,0,19,3,38,0,1,29,8,60,0,1,48,11,3,0,12,0,1,21,0,7,0,1,15
Fremont Police Department,1983,California,140656,CA00105,150,5,145,71,53,18,0,0,16,0,0,13,3,19,4,0,13,2,35,4,0,26,5,1,0,4,0,0,5,1,9,0,10,5
Fremont Police Department,1984,California,143493,CA00105,151,6,145,73,59,14,0,0,18,0,0,18,0,19,0,0,16,3,37,0,0,34,3,0,0,2,0,0,2,2,23,0,4,4
Fremont Police Department,1985,California,148032,CA00105,157,5,152,75,56,19,0,0,32,0,0,31,1,23,16,1,5,1,55,16,1,36,2,1,0,2,1,0,5,2,27,13,1,3
Fremont Police Department,1986,California,151491,CA00105,153,8,145,76,61,15,0,0,31,0,0,31,0,32,2,0,29,1,63,2,0,60,1,6,0,10,4,0,3,1,22,0,2,15
Fremont Police Department,1987,California,157462,CA00105,165,8,157,85,66,19,0,0,32,0,0,32,0,17,0,0,16,1,49,0,0,48,1,7,0,11,1,0,3,0,12,0,9,6
Fremont Police Department,1988,California,158236,CA00105,181,10,171,86,66,20,0,0,23,0,0,21,2,7,1,0,6,0,30,1,0,27,2,3,0,8,0,1,1,0,9,0,4,4
Fremont Police Department,1989,California,170999,CA00105,191,14,177,87,62,25,0,0,43,0,0,41,2,9,1,0,7,1,52,1,0,48,3,1,0,5,0,0,2,0,32,0,2,10
Fremont Police Department,1990,California,173339,CA00105,199,14,185,92,71,21,0,0,27,0,0,22,5,16,3,0,11,2,43,3,0,33,7,3,0,1,0,0,1,0,18,3,11,6
Fremont Police Department,1991,California,176949,CA00105,198,14,184,91,62,29,0,0,40,0,0,38,2,15,0,0,13,2,55,0,0,51,4,4,0,10,2,0,3,0,25,0,6,5
Fremont Police Department,1992,California,179785,CA00105,182,12,170,78,64,14,0,0,33,2,1,22,8,19,0,0,26,2,52,2,1,39,10,2,0,7,2,0,5,0,27,0,5,4
Fremont Police Department,1993,California,181134,CA00105,180,13,167,89,70,19,0,0,28,0,0,28,0,9,4,0,3,2,37,4,0,31,2,2,0,1,2,1,2,0,14,0,8,7
Fremont Police Department,1994,California,182410,CA00105,183,14,169,90,71,19,0,0,15,5,0,8,2,3,0,0,1,2,18,5,0,9,4,2,0,0,0,0,0,1,7,0,1,7
Fremont Police Department,1995,California,184498,CA00105,183,16,167,98,75,23,0,0,30,0,12,12,6,0,0,0,0,0,30,0,12,12,6,0,0,0,0,0,0,7,15,0,7,1
Fremont Police Department,1996,California,186186,CA00105,190,17,173,98,74,24,0,0,11,2,0,7,2,1,0,0,1,0,12,2,0,8,2,2,0,3,2,0,3,0,0,0,1,1
Fremont Police Department,1997,California,188463,CA00105,196,17,179,105,81,24,0,0,23,1,0,19,3,0,0,0,0,0,23,1,0,19,3,5,0,2,0,0,3,0,9,0,2,2
Fremont Police Department,1998,California,192477,CA00105,197,18,179,101,80,21,0,0,9,0,0,9,0,9,0,3,5,1,18,0,3,14,1,0,0,3,1,0,0,5,6,0,2,1
Fremont Police Department,1999,California,207291,CA00105,201,19,182,106,84,22,0,0,9,0,0,9,0,4,0,0,2,2,13,0,0,11,2,0,0,5,1,0,2,0,3,0,2,0
Fremont Police Department,2000,California,203413,CA00105,209,21,188,105,82,23,0,0,10,0,0,10,0,6,2,0,3,1,16,2,0,13,1,3,0,3,0,0,0,1,6,0,2,1
Fremont Police Department,2001,California,207193,CA00105,208,23,185,113,85,28,0,0,10,0,0,10,0,4,0,0,1,3,14,0,0,11,3,4,0,1,2,0,0,2,1,0,2,2
Fremont Police Department,2002,California,210886,CA00105,199,22,177,117,92,25,0,0,7,0,0,6,1,5,0,0,3,2,12,0,0,9,3,2,0,6,0,0,1,0,3,0,0,0
Fremont Police Department,2003,California,209026,CA00105,186,19,167,106,89,17,0,0,27,0,0,18,9,9,0,1,6,2,36,0,1,24,11,13,0,16,0,0,4,0,2,0,0,1
Fremont Police Department,2004,California,206884,CA00105,192,18,174,108,91,17,0,0,15,0,0,14,1,10,0,2,7,1,25,0,2,21,2,5,0,6,0,0,5,0,5,0,0,4
Fremont Police Department,2005,California,203717,CA00105,181,17,164,107,87,20,0,0,8,0,0,5,3,0,0,0,0,0,8,0,0,5,3,0,0,3,0,0,2,0,0,0,0,3
Fremont Police Department,2006,California,202273,CA00105,188,15,173,103,81,22,0,0,2,0,0,2,0,9,0,0,5,4,11,0,0,7,4,3,0,4,0,1,2,1,0,0,0,0
Fremont Police Department,2007,California,201318,CA00105,190,16,174,102,76,26,0,0,3,0,0,2,1,11,0,0,9,2,14,0,0,11,3,3,0,9,0,0,0,0,0,0,2,0
Fremont Police Department,2008,California,200964,CA00105,179,14,165,102,82,20,0,0,4,0,0,3,1,4,0,0,2,2,8,0,0,5,3,0,0,4,0,0,1,0,0,0,3,0
Fremont Police Department,2009,California,202714,CA00105,177,16,161,98,80,18,0,0,3,0,0,3,0,2,0,0,2,0,5,0,0,5,0,1,0,1,0,0,0,0,0,3,0,0
Fremont Police Department,2010,California,214089,CA00105,178,17,161,99,80,19,0,0,1,0,0,1,0,2,0,0,0,2,3,0,0,1,2,2,0,1,0,0,0,0,0,0,0,0
Fremont Police Department,2011,California,216606,CA00105,166,18,148,99,80,19,0,0,3,0,0,3,0,2,0,0,2,0,5,0,0,5,0,2,0,2,1,0,0,0,0,0,0,0
Fremont Police Department,2012,California,218927,CA00105,175,20,155,98,82,16,0,0,2,0,0,1,1,3,0,0,2,1,5,0,0,3,2,1,0,2,0,0,1,0,0,0,1,0
Fremont Police Department,2013,California,224475,CA00105,169,20,149,98,81,17,0,0,0,0,0,0,0,2,0,0,2,0,2,0,0,2,0,0,0,0,0,0,1,0,0,0,1,0
Fremont Police Department,2014,California,227575,CA00105,181,19,162,95,77,18,0,0,1,0,0,1,0,3,0,0,2,1,4,0,0,3,1,1,0,2,0,0,0,0,0,0,1,0
Fremont Police Department,2015,California,232427,CA00105,180,17,163,100,82,18,0,0,1,0,0,1,0,4,0,0,4,0,5,0,0,5,0,0,0,4,0,0,0,1,0,0,0,0
