agency,year,state,population,ORI,total_officers,female_employees_officers,male_employees_officers,total_civilians,female_employees_civilians,male_employees_civilians,officers_killed_accident,officers_killed_felony,assault_injury_total,assault_injury_gun,assault_injury_knife,assault_injury_hand_feet,assault_injury_other,assault_no_injury_total,assault_no_injury_gun,assault_no_injury_knife,assault_no_injury_hand_feet,assault_no_injury_other,total_assault_total,total_assault_gun,total_assault_knife,total_assault_hand_feet,total_assault_other,all_oth_total_assault,ambush_total_assault,att_oth_arrest_total_assault,burglary_total_assault,civil_disorder_total_assault,cust_prisoners_total_assault,deranged_total_assault,disturbance_total_assault,robbery_total_assault,susp_pers_total_assault,traffic_total_assault
Daytona Beach Police Department,1975,Florida,50749,FL06401,147,6,141,56,51,5,0,0,19,1,0,18,0,34,1,0,29,4,53,2,0,47,4,4,0,31,0,5,4,0,3,2,1,3
Daytona Beach Police Department,1976,Florida,50213,FL06401,147,2,145,68,49,19,0,0,2,0,0,2,0,11,0,0,10,1,13,0,0,12,1,0,0,1,0,0,0,0,5,0,2,5
Daytona Beach Police Department,1977,Florida,49573,FL06401,165,6,159,83,58,25,0,0,3,0,0,3,0,7,0,0,7,0,10,0,0,10,0,0,0,5,0,0,2,0,2,0,0,1
Daytona Beach Police Department,1978,Florida,49634,FL06401,186,9,177,85,60,25,0,0,0,0,0,0,0,8,0,0,7,1,8,0,0,7,1,0,0,5,0,0,0,0,2,0,1,0
Daytona Beach Police Department,1979,Florida,51415,FL06401,155,5,150,61,47,14,0,0,1,0,0,1,0,17,0,0,16,1,18,0,0,17,1,1,0,3,0,1,2,0,9,0,1,1
Daytona Beach Police Department,1980,Florida,53608,FL06401,153,6,147,77,57,20,0,1,14,1,2,10,1,16,0,0,14,2,30,1,2,24,3,0,0,11,0,1,2,0,3,0,12,1
Daytona Beach Police Department,1981,Florida,56964,FL06401,158,3,155,75,55,20,0,0,14,1,1,12,0,19,1,5,12,1,33,2,6,24,1,4,0,0,1,0,5,1,19,0,2,1
Daytona Beach Police Department,1982,Florida,58365,FL06401,173,4,169,74,54,20,0,1,9,0,2,7,0,50,2,1,46,1,59,2,3,53,1,8,0,6,0,2,18,0,12,1,5,7
Daytona Beach Police Department,1983,Florida,59844,FL06401,170,6,164,72,54,18,0,0,20,0,0,19,1,62,3,3,50,6,82,3,3,69,7,19,0,7,0,0,14,1,23,1,10,7
Daytona Beach Police Department,1984,Florida,58103,FL06401,172,7,165,67,47,20,0,0,24,2,0,20,2,37,3,1,31,2,61,5,1,51,4,12,0,6,0,0,9,0,22,2,3,7
Daytona Beach Police Department,1985,Florida,60170,FL06401,177,8,169,70,52,18,0,0,18,0,0,17,1,57,0,3,50,4,75,0,3,67,5,17,0,6,0,0,14,1,28,0,2,7
Daytona Beach Police Department,1986,Florida,60020,FL06401,190,9,181,61,47,14,0,0,17,1,0,15,1,71,0,0,66,5,88,1,0,81,6,18,0,2,2,5,22,0,23,2,3,11
Daytona Beach Police Department,1987,Florida,59781,FL06401,197,13,184,56,44,12,0,0,26,1,4,21,0,88,5,2,76,5,114,6,6,97,5,19,0,3,0,1,29,2,44,0,10,6
Daytona Beach Police Department,1990,Florida,61921,FL06401,210,16,194,71,60,11,0,0,54,0,1,48,5,90,3,0,76,11,144,3,1,124,16,30,0,45,0,5,6,0,34,1,19,4
Daytona Beach Police Department,1991,Florida,63543,FL06401,210,18,192,64,53,11,0,0,55,3,3,44,5,93,2,0,84,7,148,5,3,128,12,50,0,6,4,15,8,0,50,0,6,9
Daytona Beach Police Department,1992,Florida,64552,FL06401,215,20,195,78,62,16,0,0,34,0,0,31,3,101,3,3,86,9,135,3,3,117,12,43,0,1,0,25,5,0,43,1,9,8
Daytona Beach Police Department,1993,Florida,65573,FL06401,221,22,199,82,64,18,0,0,56,1,1,49,5,100,3,4,86,7,156,4,5,135,12,42,0,3,1,16,10,0,29,0,20,35
Daytona Beach Police Department,1994,Florida,66886,FL06401,225,22,203,85,67,18,0,0,51,0,0,49,2,93,2,0,80,11,144,2,0,129,13,31,0,6,1,9,10,2,40,3,10,32
Daytona Beach Police Department,1995,Florida,65631,FL06401,234,27,207,87,62,25,0,0,35,0,0,28,7,111,5,6,84,16,146,5,6,112,23,46,0,3,2,8,6,0,33,0,10,38
Daytona Beach Police Department,1998,Florida,67233,FL06401,244,30,214,77,59,18,0,0,23,1,2,18,2,93,1,1,79,12,116,2,3,97,14,6,0,20,1,0,6,0,70,0,4,9
Daytona Beach Police Department,1999,Florida,65989,FL06401,246,32,214,82,62,20,0,0,47,0,1,39,7,62,0,0,52,10,109,0,1,91,17,9,0,2,0,2,6,0,17,1,36,36
Daytona Beach Police Department,2000,Florida,64112,FL06401,258,41,217,82,58,24,0,0,3,0,0,2,1,28,1,0,21,6,31,1,0,23,7,7,0,1,1,0,0,0,13,0,1,8
Daytona Beach Police Department,2001,Florida,65773,FL06401,246,44,202,82,58,24,0,0,9,0,0,8,1,40,0,1,32,7,49,0,1,40,8,22,0,0,0,0,2,0,19,1,2,3
Daytona Beach Police Department,2002,Florida,67043,FL06401,213,35,178,79,59,20,0,0,15,0,0,14,1,55,1,1,42,11,70,1,1,56,12,13,0,7,4,0,2,0,25,2,8,9
Daytona Beach Police Department,2003,Florida,65788,FL06401,245,38,207,81,62,19,0,0,31,0,0,31,0,45,1,0,35,9,76,1,0,66,9,23,0,1,0,0,4,0,32,0,8,8
Daytona Beach Police Department,2004,Florida,66016,FL06401,236,39,197,50,36,14,0,0,20,0,0,15,5,63,0,0,44,19,83,0,0,59,24,16,0,11,0,0,7,0,30,0,6,13
Daytona Beach Police Department,2005,Florida,65876,FL06401,230,39,191,49,35,14,0,0,10,0,0,8,2,54,1,2,43,8,64,1,2,51,10,19,0,9,2,0,12,0,9,0,6,7
Daytona Beach Police Department,2006,Florida,65507,FL06401,244,30,214,77,59,18,0,0,12,0,0,9,3,76,0,3,53,20,88,0,3,62,23,12,0,16,1,0,9,0,26,0,9,15
Daytona Beach Police Department,2007,Florida,64236,FL06401,229,46,183,61,41,20,0,0,18,0,0,15,3,101,0,0,87,14,119,0,0,102,17,14,0,26,2,0,5,0,61,0,5,6
Daytona Beach Police Department,2008,Florida,63642,FL06401,238,49,189,50,31,19,0,0,9,0,0,8,1,98,1,0,86,11,107,1,0,94,12,13,0,5,1,0,6,0,75,0,5,2
Daytona Beach Police Department,2009,Florida,64257,FL06401,237,51,186,52,32,20,0,0,10,0,0,10,0,67,2,0,51,14,77,2,0,61,14,8,0,4,0,1,9,0,47,2,0,6
Daytona Beach Police Department,2010,Florida,61005,FL06401,232,47,185,46,30,16,0,0,22,0,0,15,7,92,0,1,68,23,114,0,1,83,30,18,0,23,0,1,9,0,51,1,6,5
Daytona Beach Police Department,2011,Florida,61836,FL06401,228,48,180,39,22,17,0,0,17,0,0,11,6,71,6,1,52,12,88,6,1,63,18,11,0,23,0,1,10,0,37,1,2,3
Daytona Beach Police Department,2012,Florida,61861,FL06401,219,45,174,40,27,13,0,0,10,2,1,6,1,57,8,0,37,12,67,10,1,43,13,6,0,31,0,0,3,0,21,0,4,2
Daytona Beach Police Department,2013,Florida,62381,FL06401,205,41,164,42,27,15,0,0,10,0,0,8,2,63,2,0,51,10,73,2,0,59,12,9,0,27,0,0,11,0,17,0,5,4
Daytona Beach Police Department,2014,Florida,62629,FL06401,213,42,171,197,83,114,0,0,18,1,0,16,1,57,0,0,48,9,75,1,0,64,10,9,0,41,0,0,3,0,14,0,5,3
Daytona Beach Police Department,2015,Florida,63505,FL06401,221,45,176,43,25,18,0,0,20,0,0,19,1,55,0,2,43,10,75,0,2,62,11,15,0,30,0,0,8,2,15,0,0,5
