agency,year,state,population,ORI,total_officers,female_employees_officers,male_employees_officers,total_civilians,female_employees_civilians,male_employees_civilians,officers_killed_accident,officers_killed_felony,assault_injury_total,assault_injury_gun,assault_injury_knife,assault_injury_hand_feet,assault_injury_other,assault_no_injury_total,assault_no_injury_gun,assault_no_injury_knife,assault_no_injury_hand_feet,assault_no_injury_other,total_assault_total,total_assault_gun,total_assault_knife,total_assault_hand_feet,total_assault_other,all_oth_total_assault,ambush_total_assault,att_oth_arrest_total_assault,burglary_total_assault,civil_disorder_total_assault,cust_prisoners_total_assault,deranged_total_assault,disturbance_total_assault,robbery_total_assault,susp_pers_total_assault,traffic_total_assault
Orlando Police Department,1976,Florida,116848,FL04804,403,13,390,191,69,122,0,0,69,0,0,69,0,112,0,0,108,4,181,0,0,177,4,3,0,46,2,0,9,0,49,0,32,40
Orlando Police Department,1977,Florida,118374,FL04804,396,17,379,175,100,75,0,0,29,0,1,26,2,50,3,0,45,2,79,3,1,71,4,16,0,8,0,1,6,1,21,2,7,17
Orlando Police Department,1978,Florida,118393,FL04804,395,22,373,162,100,62,0,0,16,0,0,15,1,22,0,0,22,0,38,0,0,37,1,6,0,4,0,1,7,0,16,0,1,3
Orlando Police Department,1979,Florida,121515,FL04804,378,22,356,145,49,96,0,0,2,0,0,2,0,8,6,0,1,1,10,6,0,3,1,6,0,1,0,0,0,0,3,0,0,0
Orlando Police Department,1980,Florida,127811,FL04804,395,32,363,137,89,48,0,0,6,0,0,6,0,16,3,3,6,4,22,3,3,12,4,0,0,0,0,0,0,0,6,2,10,4
Orlando Police Department,1981,Florida,135812,FL04804,396,38,358,133,87,46,0,0,15,0,0,15,0,45,1,0,44,0,60,1,0,59,0,9,0,10,1,0,8,1,18,0,11,2
Orlando Police Department,1982,Florida,139152,FL04804,411,48,363,136,88,48,0,0,23,0,1,21,1,124,0,1,118,5,147,0,2,139,6,15,0,16,1,5,10,2,54,0,36,8
Orlando Police Department,1983,Florida,142678,FL04804,430,56,374,164,107,57,0,0,30,1,1,26,2,148,1,0,145,2,178,2,1,171,4,19,0,33,0,6,15,1,48,2,42,12
Orlando Police Department,1984,Florida,140541,FL04804,425,62,363,164,109,55,0,1,48,2,1,41,4,132,2,1,122,7,180,4,2,163,11,17,0,42,2,2,17,4,54,1,23,18
Orlando Police Department,1985,Florida,142025,FL04804,423,61,362,168,117,51,0,0,55,3,2,44,6,84,2,2,76,4,139,5,4,120,10,23,0,32,5,0,8,0,25,2,32,12
Orlando Police Department,1986,Florida,145882,FL04804,419,63,356,174,118,56,0,0,47,2,0,39,6,94,1,4,77,12,141,3,4,116,18,23,0,32,4,1,12,2,39,0,19,9
Orlando Police Department,1987,Florida,150250,FL04804,425,56,369,176,127,49,0,0,32,2,0,28,2,132,3,7,101,21,164,5,7,129,23,22,0,60,0,1,7,0,38,0,32,4
Orlando Police Department,1988,Florida,155673,FL04804,463,64,399,191,134,57,0,0,0,0,0,0,0,0,0,0,0,0,0,0,0,0,0,0,0,0,0,0,0,0,0,0,0,0
Orlando Police Department,1990,Florida,164693,FL04804,512,69,443,222,159,63,0,0,103,6,2,74,21,31,1,0,26,4,134,7,2,100,25,0,0,1,0,0,0,0,0,0,0,133
Orlando Police Department,1991,Florida,169009,FL04804,545,78,467,240,176,64,0,0,0,0,0,0,0,0,0,0,0,0,0,0,0,0,0,0,0,0,0,0,0,0,0,0,0,0
Orlando Police Department,1992,Florida,171694,FL04804,548,77,471,244,61,183,0,0,76,3,2,58,13,139,3,7,107,22,215,6,9,165,35,30,0,60,2,2,15,1,54,0,36,15
Orlando Police Department,1993,Florida,176748,FL04804,552,82,470,247,185,62,0,0,169,7,5,127,30,40,4,4,21,11,209,11,9,148,41,21,5,51,7,4,6,4,49,0,49,13
Orlando Police Department,1994,Florida,180288,FL04804,581,90,491,249,188,61,0,0,228,4,8,176,40,73,2,1,59,11,301,6,9,235,51,21,0,70,0,0,65,0,35,0,78,32
Orlando Police Department,1995,Florida,179649,FL04804,619,103,516,253,191,62,0,0,144,0,4,118,22,189,3,7,154,25,333,3,11,272,47,33,1,72,0,5,41,1,77,0,88,15
Orlando Police Department,1997,Florida,185837,FL04804,619,110,509,261,202,59,0,0,0,0,0,0,0,0,0,0,0,0,0,0,0,0,0,0,0,0,0,0,0,0,0,0,0,0
Orlando Police Department,1998,Florida,181527,FL04804,628,116,512,273,202,71,0,0,108,1,2,93,12,283,5,8,241,29,391,6,10,334,41,37,0,119,2,10,74,3,56,0,65,25
Orlando Police Department,1999,Florida,183547,FL04804,630,123,507,287,220,67,0,0,111,0,0,104,7,332,11,11,275,35,443,11,11,379,42,64,0,117,4,16,43,0,108,1,58,32
Orlando Police Department,2000,Florida,185951,FL04804,665,133,532,260,197,63,0,1,115,1,0,98,16,368,7,7,317,37,483,8,7,415,53,82,0,91,7,7,24,1,165,0,66,40
Orlando Police Department,2001,Florida,190769,FL04804,676,128,548,269,202,67,0,0,92,0,0,82,10,325,6,6,263,50,417,6,6,345,60,80,0,60,3,5,24,1,134,5,62,43
Orlando Police Department,2002,Florida,194454,FL04804,680,121,559,288,221,67,0,0,92,0,0,80,12,332,2,10,261,59,424,2,10,341,71,59,0,91,4,8,21,0,131,2,57,51
Orlando Police Department,2003,Florida,197268,FL04804,689,120,569,277,213,64,0,0,57,0,1,45,11,301,0,3,255,43,358,0,4,300,54,83,0,63,3,5,14,0,112,2,44,32
Orlando Police Department,2004,Florida,203764,FL04804,667,117,550,264,203,61,0,0,54,0,1,46,7,267,2,2,234,29,321,2,3,280,36,58,0,65,3,0,13,2,133,0,26,21
Orlando Police Department,2005,Florida,210290,FL04804,693,117,576,268,205,63,0,0,58,0,0,51,7,332,4,4,299,25,390,4,4,350,32,41,0,52,0,3,18,1,207,5,37,26
Orlando Police Department,2006,Florida,216819,FL04804,695,111,584,277,212,65,0,0,85,0,0,73,12,335,4,6,273,52,420,4,6,346,64,55,0,47,1,3,13,0,230,0,46,25
Orlando Police Department,2007,Florida,224417,FL04804,739,120,619,291,234,57,0,1,92,0,0,76,16,375,8,11,313,43,467,8,11,389,59,67,0,62,5,2,15,0,232,1,33,50
Orlando Police Department,2008,Florida,229808,FL04804,740,120,620,289,231,58,0,0,80,1,0,70,9,335,9,5,278,43,415,10,5,348,52,62,0,57,9,2,19,0,190,6,28,42
Orlando Police Department,2009,Florida,235109,FL04804,725,118,607,235,189,46,0,0,75,0,0,66,9,347,0,6,290,51,422,0,6,356,60,52,0,64,2,12,41,8,144,0,53,46
Orlando Police Department,2010,Florida,238300,FL04804,719,113,606,220,171,49,0,0,86,0,1,71,14,290,8,5,250,27,376,8,6,321,41,48,0,50,9,13,37,4,120,0,56,39
Orlando Police Department,2011,Florida,241548,FL04804,702,110,592,211,163,48,0,0,72,1,0,62,9,264,9,2,228,25,336,10,2,290,34,54,0,37,4,11,36,1,106,0,64,23
Orlando Police Department,2012,Florida,246513,FL04804,721,120,601,210,159,51,0,0,78,0,1,66,11,305,3,8,247,47,383,3,9,313,58,67,0,58,7,10,25,7,132,2,42,33
Orlando Police Department,2013,Florida,253238,FL04804,718,119,599,223,51,172,0,0,71,3,0,59,9,275,10,6,227,32,346,13,6,286,41,53,0,62,2,4,17,0,109,2,50,47
Orlando Police Department,2014,Florida,259675,FL04804,707,120,587,222,166,56,0,0,54,1,0,49,4,245,7,8,194,36,299,8,8,243,40,58,0,46,2,3,21,5,96,3,28,37
Orlando Police Department,2015,Florida,268438,FL04804,697,116,581,206,151,55,0,0,48,0,0,41,7,188,7,4,158,19,236,7,4,199,26,27,0,29,2,1,18,0,94,3,33,29
