agency,year,state,population,ORI,total_officers,female_employees_officers,male_employees_officers,total_civilians,female_employees_civilians,male_employees_civilians,officers_killed_accident,officers_killed_felony,assault_injury_total,assault_injury_gun,assault_injury_knife,assault_injury_hand_feet,assault_injury_other,assault_no_injury_total,assault_no_injury_gun,assault_no_injury_knife,assault_no_injury_hand_feet,assault_no_injury_other,total_assault_total,total_assault_gun,total_assault_knife,total_assault_hand_feet,total_assault_other,all_oth_total_assault,ambush_total_assault,att_oth_arrest_total_assault,burglary_total_assault,civil_disorder_total_assault,cust_prisoners_total_assault,deranged_total_assault,disturbance_total_assault,robbery_total_assault,susp_pers_total_assault,traffic_total_assault
East Baton Rouge Parish Sheriff's Office,1976,Louisiana,129299,LA01700,424,42,382,51,17,34,0,0,0,0,0,0,0,1,0,1,0,0,1,0,1,0,0,0,0,0,0,0,0,0,1,0,0,0
East Baton Rouge Parish Sheriff's Office,1977,Louisiana,103774,LA01700,424,42,382,51,17,34,0,0,1,1,0,0,0,1,0,0,1,0,2,1,0,1,0,0,0,0,0,0,0,0,2,0,0,0
East Baton Rouge Parish Sheriff's Office,1978,Louisiana,103253,LA01700,391,99,292,0,0,0,0,0,3,0,0,2,1,2,0,0,2,0,5,0,0,4,1,2,0,0,0,0,0,0,2,0,0,1
East Baton Rouge Parish Sheriff's Office,1979,Louisiana,1875,LA01700,386,98,288,0,0,0,0,0,0,0,0,0,0,0,0,0,0,0,0,0,0,0,0,0,0,0,0,0,0,0,0,0,0,0
East Baton Rouge Parish Sheriff's Office,1980,Louisiana,131225,LA01700,385,89,296,0,0,0,0,0,0,0,0,0,0,0,0,0,0,0,0,0,0,0,0,0,0,0,0,0,0,0,0,0,0,0
East Baton Rouge Parish Sheriff's Office,1981,Louisiana,134521,LA01700,461,103,358,0,0,0,0,1,0,0,0,0,0,0,0,0,0,0,0,0,0,0,0,0,0,0,0,0,0,0,0,0,0,0
East Baton Rouge Parish Sheriff's Office,1982,Louisiana,136301,LA01700,487,105,382,1,0,1,0,1,10,7,0,3,0,0,0,0,0,0,10,7,0,3,0,0,0,0,0,0,0,0,9,0,1,0
East Baton Rouge Parish Sheriff's Office,1983,Louisiana,138675,LA01700,513,106,407,0,0,0,0,0,0,0,0,0,0,0,0,0,0,0,0,0,0,0,0,0,0,0,0,0,0,0,0,0,0,0
East Baton Rouge Parish Sheriff's Office,1984,Louisiana,123859,LA01700,520,102,418,0,0,0,0,0,0,0,0,0,0,0,0,0,0,0,0,0,0,0,0,0,0,0,0,0,0,0,0,0,0,0
East Baton Rouge Parish Sheriff's Office,1985,Louisiana,125081,LA01700,512,107,405,0,0,0,0,0,0,0,0,0,0,0,0,0,0,0,0,0,0,0,0,0,0,0,0,0,0,0,0,0,0,0
East Baton Rouge Parish Sheriff's Office,1987,Louisiana,123415,LA01700,535,125,410,0,0,0,0,0,16,0,0,15,1,45,0,0,43,2,61,0,0,58,3,6,0,6,2,2,8,0,23,1,7,6
East Baton Rouge Parish Sheriff's Office,1988,Louisiana,121257,LA01700,535,125,410,0,0,0,0,0,7,0,1,6,0,48,0,1,47,0,55,0,2,53,0,8,0,4,1,1,17,0,17,0,1,6
East Baton Rouge Parish Sheriff's Office,1989,Louisiana,124269,LA01700,617,127,490,0,0,0,0,0,12,0,0,11,1,57,0,0,56,1,69,0,0,67,2,5,0,7,0,1,21,0,23,2,7,3
East Baton Rouge Parish Sheriff's Office,1990,Louisiana,124156,LA01700,607,124,483,0,0,0,0,0,10,0,0,9,1,55,0,1,48,6,65,0,1,57,7,4,0,2,0,0,40,0,15,0,1,3
East Baton Rouge Parish Sheriff's Office,1991,Louisiana,125098,LA01700,668,120,548,0,0,0,0,0,11,0,0,10,1,98,0,0,98,0,109,0,0,108,1,8,0,5,1,0,62,0,27,0,2,4
East Baton Rouge Parish Sheriff's Office,1992,Louisiana,126127,LA01700,668,120,548,0,0,0,0,0,4,0,0,3,1,89,0,0,86,3,93,0,0,89,4,8,0,3,2,0,49,0,20,2,6,3
East Baton Rouge Parish Sheriff's Office,1994,Louisiana,144981,LA01700,697,81,616,0,0,0,0,0,0,0,0,0,0,76,0,0,75,1,76,0,0,75,1,7,0,4,1,0,41,0,17,0,3,3
East Baton Rouge Parish Sheriff's Office,1995,Louisiana,147196,LA01700,662,75,587,0,0,0,0,0,1,0,0,0,1,96,0,0,95,1,97,0,0,95,2,8,0,6,1,0,56,0,20,0,2,4
East Baton Rouge Parish Sheriff's Office,1996,Louisiana,147500,LA01700,664,166,498,0,0,0,0,0,0,0,0,0,0,67,0,0,64,3,67,0,0,64,3,0,0,8,2,0,35,1,21,0,0,0
East Baton Rouge Parish Sheriff's Office,1997,Louisiana,147533,LA01700,684,166,518,0,0,0,0,0,65,0,0,65,0,16,0,0,16,0,81,0,0,81,0,0,0,7,0,0,52,1,19,0,1,1
East Baton Rouge Parish Sheriff's Office,1998,Louisiana,156125,LA01700,683,203,480,0,0,0,0,0,93,0,0,93,0,0,0,0,0,0,93,0,0,93,0,0,0,5,0,0,59,2,27,0,0,0
East Baton Rouge Parish Sheriff's Office,1999,Louisiana,159913,LA01700,712,213,499,0,0,0,0,0,76,0,0,75,1,7,0,0,7,0,83,0,0,82,1,0,0,7,0,0,46,0,26,0,4,0
East Baton Rouge Parish Sheriff's Office,2000,Louisiana,159966,LA01700,720,213,507,0,0,0,0,0,97,0,0,97,0,0,0,0,0,0,97,0,0,97,0,0,0,9,3,0,44,1,29,0,10,1
East Baton Rouge Parish Sheriff's Office,2001,Louisiana,159839,LA01700,752,263,489,0,0,0,0,0,79,0,1,78,0,0,0,0,0,0,79,0,1,78,0,1,0,10,0,0,30,1,34,0,2,1
East Baton Rouge Parish Sheriff's Office,2002,Louisiana,160455,LA01700,647,142,505,133,123,10,0,0,65,0,0,65,0,0,0,0,0,0,65,0,0,65,0,0,0,4,0,2,21,0,36,0,0,2
East Baton Rouge Parish Sheriff's Office,2003,Louisiana,161507,LA01700,710,154,556,120,120,0,0,0,71,0,0,71,0,0,0,0,0,0,71,0,0,71,0,1,0,8,0,0,19,0,36,0,3,4
East Baton Rouge Parish Sheriff's Office,2004,Louisiana,162714,LA01700,722,160,562,118,116,2,0,0,69,0,1,68,0,8,0,0,8,0,77,0,1,76,0,0,0,10,2,0,16,2,43,0,3,1
East Baton Rouge Parish Sheriff's Office,2005,Louisiana,163364,LA01700,701,150,551,116,109,7,0,0,40,0,1,38,1,22,0,2,19,1,62,0,3,57,2,2,0,3,1,0,9,0,33,1,8,5
East Baton Rouge Parish Sheriff's Office,2006,Louisiana,155302,LA01700,648,137,511,147,115,32,0,0,13,1,0,11,1,59,1,0,55,3,72,2,0,66,4,6,0,10,4,0,2,1,33,0,8,8
East Baton Rouge Parish Sheriff's Office,2007,Louisiana,172514,LA01700,709,158,551,143,139,4,0,0,10,0,0,8,2,40,0,0,37,3,50,0,0,45,5,7,0,18,0,0,0,0,19,0,2,4
East Baton Rouge Parish Sheriff's Office,2008,Louisiana,180143,LA01700,821,263,558,0,0,0,0,0,14,2,0,11,1,39,1,0,37,1,53,3,0,48,2,9,0,10,1,0,2,0,25,1,2,3
East Baton Rouge Parish Sheriff's Office,2010,Louisiana,181823,LA01700,703,162,541,135,110,25,0,0,1,1,0,0,0,46,0,0,44,2,47,1,0,44,2,19,1,4,0,0,3,0,16,0,1,3
East Baton Rouge Parish Sheriff's Office,2011,Louisiana,183484,LA01700,763,185,578,113,105,8,0,0,8,0,0,8,0,51,0,0,51,0,59,0,0,59,0,57,0,0,0,0,0,0,0,0,0,2
East Baton Rouge Parish Sheriff's Office,2012,Louisiana,183440,LA01700,729,176,553,111,101,10,0,0,1,0,0,1,0,55,0,0,55,0,56,0,0,56,0,56,0,0,0,0,0,0,0,0,0,0
East Baton Rouge Parish Sheriff's Office,2014,Louisiana,187307,LA01700,716,154,562,120,102,18,0,0,4,0,0,4,0,51,1,0,50,0,55,1,0,54,0,32,0,5,0,0,1,0,15,0,0,2
East Baton Rouge Parish Sheriff's Office,2015,Louisiana,187720,LA01700,716,154,562,120,102,18,0,0,8,0,0,8,0,39,0,0,39,0,47,0,0,47,0,13,0,2,2,0,4,0,21,0,0,5
