agency,year,state,population,ORI,total_officers,female_employees_officers,male_employees_officers,total_civilians,female_employees_civilians,male_employees_civilians,officers_killed_accident,officers_killed_felony,assault_injury_total,assault_injury_gun,assault_injury_knife,assault_injury_hand_feet,assault_injury_other,assault_no_injury_total,assault_no_injury_gun,assault_no_injury_knife,assault_no_injury_hand_feet,assault_no_injury_other,total_assault_total,total_assault_gun,total_assault_knife,total_assault_hand_feet,total_assault_other,all_oth_total_assault,ambush_total_assault,att_oth_arrest_total_assault,burglary_total_assault,civil_disorder_total_assault,cust_prisoners_total_assault,deranged_total_assault,disturbance_total_assault,robbery_total_assault,susp_pers_total_assault,traffic_total_assault
Greenbelt Police Department,1975,Maryland,18744,MD01714,19,0,19,5,1,4,0,0,2,0,0,2,0,6,1,0,5,0,8,1,0,7,0,3,0,0,0,0,1,0,2,0,1,1
Greenbelt Police Department,1976,Maryland,20000,MD01714,19,0,19,5,5,0,0,0,0,0,0,0,0,8,0,0,6,2,8,0,0,6,2,1,0,0,0,0,0,0,4,0,1,2
Greenbelt Police Department,1977,Maryland,20529,MD01714,20,0,20,6,6,0,0,0,3,0,0,1,2,12,0,0,11,1,15,0,0,12,3,0,0,6,0,0,2,0,4,0,2,1
Greenbelt Police Department,1978,Maryland,20163,MD01714,22,0,22,6,6,0,0,0,1,0,0,1,0,10,0,0,10,0,11,0,0,11,0,0,0,2,0,0,0,0,3,0,3,3
Greenbelt Police Department,1979,Maryland,16078,MD01714,24,0,24,6,5,1,0,0,2,0,0,2,0,6,0,1,5,0,8,0,1,7,0,2,0,0,0,0,0,0,3,0,1,2
Greenbelt Police Department,1980,Maryland,15908,MD01714,25,0,25,6,3,3,0,0,1,0,0,1,0,10,0,0,7,3,11,0,0,8,3,0,2,1,0,0,1,0,6,0,0,1
Greenbelt Police Department,1981,Maryland,16169,MD01714,28,0,28,6,3,3,0,0,0,0,0,0,0,3,0,0,3,0,3,0,0,3,0,0,0,1,0,0,0,0,2,0,0,0
Greenbelt Police Department,1982,Maryland,16184,MD01714,27,1,26,6,3,3,0,0,0,0,0,0,0,4,1,0,2,1,4,1,0,2,1,1,1,0,0,0,1,0,0,0,0,1
Greenbelt Police Department,1983,Maryland,16331,MD01714,27,0,27,7,3,4,0,0,1,0,0,1,0,4,0,0,3,1,5,0,0,4,1,0,0,1,0,0,0,0,2,0,0,2
Greenbelt Police Department,1984,Maryland,17120,MD01714,33,2,31,9,6,3,0,0,1,0,0,0,1,12,2,1,6,3,13,2,1,6,4,1,0,0,0,0,0,6,3,0,0,3
Greenbelt Police Department,1985,Maryland,17288,MD01714,39,3,36,11,7,4,0,0,1,0,0,1,0,5,1,0,4,0,6,1,0,5,0,1,0,0,0,0,0,0,3,0,1,1
Greenbelt Police Department,1986,Maryland,17089,MD01714,42,3,39,13,11,2,0,0,1,0,0,0,1,7,0,0,7,0,8,0,0,7,1,2,0,0,1,0,1,0,2,0,1,1
Greenbelt Police Department,1987,Maryland,16359,MD01714,40,3,37,11,8,3,0,0,1,0,0,1,0,4,0,0,3,1,5,0,0,4,1,0,0,0,0,1,0,0,3,0,0,1
Greenbelt Police Department,1988,Maryland,16609,MD01714,42,4,38,13,9,4,0,0,3,0,0,3,0,3,0,0,3,0,6,0,0,6,0,1,0,1,0,0,0,0,3,0,1,0
Greenbelt Police Department,1989,Maryland,16270,MD01714,42,4,38,12,9,3,0,0,1,0,0,1,0,3,0,0,2,1,4,0,0,3,1,3,0,0,0,0,1,0,0,0,0,0
Greenbelt Police Department,1990,Maryland,21096,MD01714,40,4,36,16,11,5,0,0,0,0,0,0,0,1,0,0,1,0,1,0,0,1,0,0,0,1,0,0,0,0,0,0,0,0
Greenbelt Police Department,1991,Maryland,21442,MD01714,40,4,36,17,12,5,0,0,0,0,0,0,0,2,0,0,2,0,2,0,0,2,0,0,0,0,0,0,0,0,2,0,0,0
Greenbelt Police Department,1992,Maryland,21653,MD01714,44,4,40,13,10,3,0,0,0,0,0,0,0,8,0,0,8,0,8,0,0,8,0,0,0,2,0,0,0,0,5,0,0,1
Greenbelt Police Department,1993,Maryland,21575,MD01714,44,3,41,16,13,3,0,0,0,0,0,0,0,4,0,0,4,0,4,0,0,4,0,1,0,0,0,0,0,0,2,0,1,0
Greenbelt Police Department,1994,Maryland,21752,MD01714,47,3,44,14,12,2,0,0,2,0,0,2,0,8,1,0,7,0,10,1,0,9,0,2,0,0,0,0,1,1,3,0,2,1
Greenbelt Police Department,1995,Maryland,20859,MD01714,47,3,44,16,14,2,0,0,3,0,0,2,1,7,0,0,7,0,10,0,0,9,1,1,0,1,0,0,0,0,5,0,1,2
Greenbelt Police Department,1996,Maryland,20983,MD01714,48,3,45,14,12,2,0,0,0,0,0,0,0,10,0,0,9,1,10,0,0,9,1,0,0,3,0,1,0,0,1,0,3,2
Greenbelt Police Department,1997,Maryland,21074,MD01714,48,3,45,14,12,2,0,0,2,0,0,2,0,18,0,0,18,0,20,0,0,20,0,2,0,1,0,0,3,0,7,0,4,3
Greenbelt Police Department,1998,Maryland,22131,MD01714,49,4,45,11,11,0,0,0,4,0,0,4,0,3,0,0,3,0,7,0,0,7,0,0,0,0,0,0,1,0,4,0,2,0
Greenbelt Police Department,1999,Maryland,22234,MD01714,52,5,47,11,9,2,0,0,1,0,0,1,0,5,0,1,4,0,6,0,1,5,0,1,0,0,0,1,0,0,2,0,2,0
Greenbelt Police Department,2000,Maryland,21456,MD01714,49,5,44,13,11,2,0,0,2,0,0,1,1,12,0,0,11,1,14,0,0,12,2,1,0,1,1,0,0,0,6,0,0,5
Greenbelt Police Department,2001,Maryland,21775,MD01714,51,6,45,12,9,3,0,0,2,1,0,1,0,22,2,0,18,2,24,3,0,19,2,2,0,2,0,0,1,1,9,0,1,8
Greenbelt Police Department,2002,Maryland,22111,MD01714,49,5,44,14,12,2,0,0,0,0,0,0,0,16,0,0,14,2,16,0,0,14,2,3,0,2,0,0,0,1,8,0,0,2
Greenbelt Police Department,2003,Maryland,22211,MD01714,53,7,46,13,10,3,0,0,0,0,0,0,0,16,1,0,12,3,16,1,0,12,3,2,1,1,0,0,0,0,3,0,3,6
Greenbelt Police Department,2004,Maryland,22293,MD01714,52,7,45,8,7,1,0,0,0,0,0,0,0,15,2,0,12,1,15,2,0,12,1,6,0,0,0,0,0,0,7,0,0,2
Greenbelt Police Department,2005,Maryland,22345,MD01714,54,7,47,14,12,2,0,0,1,0,0,1,0,12,0,0,11,1,13,0,0,12,1,2,0,0,0,0,0,2,4,1,3,1
Greenbelt Police Department,2006,Maryland,22303,MD01714,54,6,48,11,1,10,0,0,0,0,0,0,0,14,0,0,12,2,14,0,0,12,2,2,0,1,1,0,0,0,6,0,1,3
Greenbelt Police Department,2007,Maryland,22090,MD01714,53,6,47,11,10,1,0,0,7,0,0,6,1,5,0,1,4,0,12,0,1,10,1,0,0,2,0,0,0,0,8,0,1,1
Greenbelt Police Department,2008,Maryland,21582,MD01714,54,6,48,12,10,2,0,0,0,0,0,0,0,10,0,1,8,1,10,0,1,8,1,2,0,0,0,0,0,0,4,1,1,2
Greenbelt Police Department,2009,Maryland,21087,MD01714,55,6,49,13,10,3,0,0,3,0,0,2,1,6,0,0,5,1,9,0,0,7,2,4,0,0,0,0,0,0,3,0,1,1
Greenbelt Police Department,2010,Maryland,23068,MD01714,53,6,47,15,13,2,0,0,0,0,0,0,0,9,0,0,9,0,9,0,0,9,0,4,0,0,1,0,0,0,3,0,1,0
Greenbelt Police Department,2011,Maryland,23287,MD01714,51,5,46,14,12,2,0,0,0,0,0,0,0,20,0,0,19,1,20,0,0,19,1,3,0,2,1,0,4,0,6,0,2,2
Greenbelt Police Department,2012,Maryland,23506,MD01714,54,6,48,14,12,2,0,0,3,0,0,3,0,9,0,0,9,0,12,0,0,12,0,2,0,2,0,0,2,0,5,0,0,1
Greenbelt Police Department,2013,Maryland,23680,MD01714,53,7,46,15,12,3,0,0,5,0,0,5,0,12,0,0,12,0,17,0,0,17,0,7,0,5,0,0,0,0,2,0,0,3
Greenbelt Police Department,2014,Maryland,23918,MD01714,54,8,46,15,11,4,0,0,1,0,0,1,0,4,0,0,4,0,5,0,0,5,0,0,0,2,0,0,1,0,1,0,0,1
Greenbelt Police Department,2015,Maryland,24385,MD01714,49,8,41,15,10,5,0,0,6,0,0,6,0,8,0,0,7,1,14,0,0,13,1,1,0,6,0,0,4,0,2,0,1,0
