agency,year,state,population,ORI,total_officers,female_employees_officers,male_employees_officers,total_civilians,female_employees_civilians,male_employees_civilians,officers_killed_accident,officers_killed_felony,assault_injury_total,assault_injury_gun,assault_injury_knife,assault_injury_hand_feet,assault_injury_other,assault_no_injury_total,assault_no_injury_gun,assault_no_injury_knife,assault_no_injury_hand_feet,assault_no_injury_other,total_assault_total,total_assault_gun,total_assault_knife,total_assault_hand_feet,total_assault_other,all_oth_total_assault,ambush_total_assault,att_oth_arrest_total_assault,burglary_total_assault,civil_disorder_total_assault,cust_prisoners_total_assault,deranged_total_assault,disturbance_total_assault,robbery_total_assault,susp_pers_total_assault,traffic_total_assault
West New York Police,1975,New Jersey,40409,NJ00912,92,0,92,1,1,0,0,0,8,0,0,7,1,14,0,0,14,0,22,0,0,21,1,4,0,6,0,0,0,0,9,0,0,3
West New York Police,1976,New Jersey,40573,NJ00912,89,0,89,1,1,0,0,0,6,0,0,5,1,19,0,0,19,0,25,0,0,24,1,1,1,10,0,0,0,0,6,0,0,7
West New York Police,1977,New Jersey,38842,NJ00912,104,1,103,2,2,0,0,0,10,0,0,10,0,28,0,0,28,0,38,0,0,38,0,3,0,26,0,0,0,0,6,0,0,3
West New York Police,1978,New Jersey,37518,NJ00912,106,0,106,3,3,0,0,0,2,0,0,2,0,17,0,0,15,2,19,0,0,17,2,0,0,13,0,0,1,0,2,0,0,3
West New York Police,1979,New Jersey,37714,NJ00912,103,0,103,2,2,0,0,0,5,0,0,5,0,17,0,0,17,0,22,0,0,22,0,1,0,13,0,0,0,0,4,0,0,4
West New York Police,1980,New Jersey,39101,NJ00912,108,0,108,2,2,0,0,0,8,0,0,7,1,26,0,0,26,0,34,0,0,33,1,2,0,22,0,0,1,0,4,0,0,5
West New York Police,1981,New Jersey,39414,NJ00912,114,0,114,3,2,1,0,0,5,0,0,4,1,24,0,0,24,0,29,0,0,28,1,3,0,18,0,0,1,0,2,0,1,4
West New York Police,1982,New Jersey,39611,NJ00912,101,0,101,2,2,0,0,0,0,0,0,0,0,21,1,0,20,0,21,1,0,20,0,5,0,4,0,0,0,1,5,0,4,2
West New York Police,1983,New Jersey,39770,NJ00912,98,0,98,2,2,0,0,0,6,0,0,6,0,19,0,0,19,0,25,0,0,25,0,5,0,0,1,0,1,1,8,0,5,4
West New York Police,1984,New Jersey,41628,NJ00912,100,0,100,7,3,4,0,0,4,1,0,1,2,40,4,0,33,3,44,5,0,34,5,0,0,0,0,0,1,7,17,1,9,9
West New York Police,1985,New Jersey,41408,NJ00912,98,0,98,3,2,1,0,0,6,0,0,6,0,27,0,0,25,2,33,0,0,31,2,3,0,1,0,0,0,1,12,1,13,2
West New York Police,1987,New Jersey,41048,NJ00912,105,0,105,0,0,0,0,0,6,0,0,6,0,34,0,1,31,2,40,0,1,37,2,8,0,3,0,0,3,1,14,0,9,2
West New York Police,1988,New Jersey,40586,NJ00912,102,0,102,0,0,0,0,0,3,0,0,3,0,34,0,0,33,1,37,0,0,36,1,4,0,2,0,0,1,0,14,0,11,5
West New York Police,1989,New Jersey,39596,NJ00912,101,0,101,12,6,6,0,0,0,0,0,0,0,36,0,1,32,3,36,0,1,32,3,3,0,4,1,0,4,0,4,1,17,2
West New York Police,1990,New Jersey,38125,NJ00912,108,0,108,12,6,6,0,0,3,0,0,2,1,27,0,2,23,2,30,0,2,25,3,3,0,5,3,0,3,0,7,0,5,4
West New York Police,1991,New Jersey,38272,NJ00912,105,0,105,0,0,0,0,0,4,0,0,4,0,33,0,0,28,5,37,0,0,32,5,1,0,6,0,0,0,0,20,0,9,1
West New York Police,1992,New Jersey,38415,NJ00912,105,0,105,0,0,0,0,0,6,0,0,6,0,32,0,0,32,0,38,0,0,38,0,2,0,7,1,0,1,1,4,1,17,4
West New York Police,1993,New Jersey,37765,NJ00912,102,0,102,3,0,3,0,0,7,0,0,6,1,13,0,0,13,0,20,0,0,19,1,2,0,2,1,0,1,0,6,0,7,1
West New York Police,1994,New Jersey,37884,NJ00912,101,0,101,0,0,0,0,0,2,0,1,1,0,20,0,1,19,0,22,0,2,20,0,0,0,7,0,0,0,0,10,0,5,0
West New York Police,1995,New Jersey,36747,NJ00912,110,0,110,9,4,5,0,0,2,0,0,2,0,24,0,0,24,0,26,0,0,26,0,4,0,3,0,0,0,0,13,0,6,0
West New York Police,1996,New Jersey,36945,NJ00912,109,0,109,7,6,1,0,0,5,0,0,5,0,29,0,0,29,0,34,0,0,34,0,6,0,4,2,0,0,0,20,0,1,1
West New York Police,1997,New Jersey,37245,NJ00912,105,0,105,6,5,1,0,0,8,0,1,6,1,34,0,3,27,4,42,0,4,33,5,2,0,14,0,0,1,2,18,0,3,2
West New York Police,1998,New Jersey,38028,NJ00912,122,0,122,5,2,3,0,0,8,0,0,7,1,22,0,0,22,0,30,0,0,29,1,1,0,8,0,2,1,1,10,0,6,1
West New York Police,1999,New Jersey,38153,NJ00912,121,2,119,7,6,1,0,0,8,0,0,7,1,11,0,1,10,0,19,0,1,17,1,1,0,6,0,2,1,0,6,0,1,2
West New York Police,2000,New Jersey,45768,NJ00912,123,2,121,8,7,1,0,0,3,0,0,3,0,18,0,2,16,0,21,0,2,19,0,4,0,2,0,0,2,0,5,0,6,2
West New York Police,2001,New Jersey,46149,NJ00912,121,2,119,7,6,1,0,0,2,0,0,2,0,31,0,1,28,2,33,0,1,30,2,0,0,1,0,1,0,0,16,0,10,5
West New York Police,2002,New Jersey,46725,NJ00912,123,3,120,7,6,1,0,0,5,0,0,4,1,29,0,0,29,0,34,0,0,33,1,2,0,6,1,0,1,0,20,0,3,1
West New York Police,2003,New Jersey,47146,NJ00912,120,4,116,9,7,2,0,0,6,0,0,6,0,10,0,0,9,1,16,0,0,15,1,4,0,5,0,1,1,0,5,0,0,0
West New York Police,2004,New Jersey,46673,NJ00912,126,5,121,8,7,1,0,0,7,0,0,7,0,21,0,0,20,1,28,0,0,27,1,0,0,19,0,1,0,0,5,0,1,2
West New York Police,2005,New Jersey,46332,NJ00912,122,4,118,11,8,3,0,0,9,0,0,9,0,20,0,0,20,0,29,0,0,29,0,0,1,28,0,0,0,0,0,0,0,0
West New York Police,2006,New Jersey,46703,NJ00912,126,4,122,11,8,3,0,0,2,0,1,1,0,24,1,2,20,1,26,1,3,21,1,0,1,17,0,0,0,7,0,0,0,1
West New York Police,2007,New Jersey,46193,NJ00912,119,4,115,11,8,3,0,0,1,0,0,1,0,21,0,0,20,1,22,0,0,21,1,1,0,21,0,0,0,0,0,0,0,0
West New York Police,2008,New Jersey,46286,NJ00912,119,4,115,12,7,5,0,0,1,0,0,1,0,11,0,2,9,0,12,0,2,10,0,0,0,9,1,0,0,0,2,0,0,0
West New York Police,2009,New Jersey,46528,NJ00912,111,3,108,11,5,6,0,0,1,0,0,1,0,19,0,0,18,1,20,0,0,19,1,4,0,7,0,0,0,0,7,0,2,0
West New York Police,2010,New Jersey,49708,NJ00912,107,4,103,12,5,7,0,0,0,0,0,0,0,22,1,1,18,2,22,1,1,18,2,0,0,20,0,0,0,1,0,1,0,0
West New York Police,2011,New Jersey,49873,NJ00912,104,5,99,10,4,6,0,0,0,0,0,0,0,15,0,0,15,0,15,0,0,15,0,0,0,10,0,0,0,0,5,0,0,0
West New York Police,2012,New Jersey,50507,NJ00912,101,5,96,9,3,6,0,0,8,0,0,8,0,22,0,0,22,0,30,0,0,30,0,2,0,9,0,0,4,0,10,0,5,0
West New York Police,2013,New Jersey,52102,NJ00912,98,5,93,10,6,4,0,0,3,0,0,3,0,18,0,0,16,2,21,0,0,19,2,4,0,7,0,0,4,1,3,0,2,0
West New York Police,2014,New Jersey,52791,NJ00912,100,6,94,10,9,1,0,0,3,0,0,3,0,19,0,0,13,6,22,0,0,16,6,0,0,5,0,0,4,6,4,0,3,0
West New York Police,2015,New Jersey,53207,NJ00912,104,6,98,11,5,6,0,0,9,0,0,9,0,15,0,0,15,0,24,0,0,24,0,0,0,10,0,0,7,1,2,0,4,0
