agency,year,state,population,ORI,total_officers,female_employees_officers,male_employees_officers,total_civilians,female_employees_civilians,male_employees_civilians,officers_killed_accident,officers_killed_felony,assault_injury_total,assault_injury_gun,assault_injury_knife,assault_injury_hand_feet,assault_injury_other,assault_no_injury_total,assault_no_injury_gun,assault_no_injury_knife,assault_no_injury_hand_feet,assault_no_injury_other,total_assault_total,total_assault_gun,total_assault_knife,total_assault_hand_feet,total_assault_other,all_oth_total_assault,ambush_total_assault,att_oth_arrest_total_assault,burglary_total_assault,civil_disorder_total_assault,cust_prisoners_total_assault,deranged_total_assault,disturbance_total_assault,robbery_total_assault,susp_pers_total_assault,traffic_total_assault
Roswell Police Department,1975,New Mexico,39635,NM00301,61,1,60,24,16,8,0,0,1,0,0,0,1,3,1,1,1,0,4,1,1,1,1,1,0,1,0,0,0,0,1,0,1,0
Roswell Police Department,1976,New Mexico,35672,NM00301,56,1,55,23,13,10,0,0,0,0,0,0,0,1,0,1,0,0,1,0,1,0,0,1,0,0,0,0,0,0,0,0,0,0
Roswell Police Department,1981,New Mexico,40664,NM00301,68,4,64,29,17,12,0,0,7,0,0,5,2,10,2,3,5,0,17,2,3,10,2,0,0,11,2,0,1,2,1,0,0,0
Roswell Police Department,1982,New Mexico,41645,NM00301,75,5,70,27,17,10,0,0,13,0,0,12,1,5,2,0,2,1,18,2,0,14,2,1,2,8,0,0,0,0,6,0,0,1
Roswell Police Department,1983,New Mexico,42870,NM00301,74,4,70,30,20,10,0,0,6,0,0,4,2,5,0,0,5,0,11,0,0,9,2,1,0,6,0,0,0,3,1,0,0,0
Roswell Police Department,1984,New Mexico,44076,NM00301,76,4,72,26,22,4,0,0,5,0,0,5,0,4,0,0,2,2,9,0,0,7,2,0,0,5,0,0,0,0,3,0,0,1
Roswell Police Department,1985,New Mexico,44890,NM00301,73,4,69,33,25,8,0,0,3,0,0,3,0,4,0,0,3,1,7,0,0,6,1,0,0,4,0,0,0,0,0,0,0,3
Roswell Police Department,1986,New Mexico,47478,NM00301,70,2,68,25,22,3,0,0,7,0,0,5,2,7,4,0,2,1,14,4,0,7,3,1,0,4,0,0,0,0,9,0,0,0
Roswell Police Department,1987,New Mexico,44712,NM00301,72,3,69,24,20,4,0,0,6,2,0,2,2,2,0,0,2,0,8,2,0,4,2,1,0,2,0,0,0,0,1,0,4,0
Roswell Police Department,1988,New Mexico,43911,NM00301,73,3,70,24,20,4,0,0,4,0,0,3,1,6,2,2,1,1,10,2,2,4,2,0,0,3,0,0,0,0,3,0,3,1
Roswell Police Department,1989,New Mexico,43952,NM00301,75,2,73,24,20,4,0,0,5,0,0,5,0,12,1,0,7,4,17,1,0,12,4,1,0,1,1,0,1,0,7,0,3,3
Roswell Police Department,1994,New Mexico,47604,NM00301,85,1,84,20,19,1,0,0,3,0,0,2,1,12,0,3,9,0,15,0,3,11,1,3,0,0,0,3,3,0,4,1,0,1
Roswell Police Department,1995,New Mexico,48283,NM00301,85,2,83,21,19,2,0,0,3,0,0,2,1,16,2,0,14,0,19,2,0,16,1,3,0,2,0,2,6,1,5,0,0,0
Roswell Police Department,1996,New Mexico,49085,NM00301,81,3,78,21,18,3,0,0,3,0,0,2,1,17,2,2,13,0,20,2,2,15,1,4,0,12,0,0,0,1,1,0,2,0
Roswell Police Department,1997,New Mexico,49571,NM00301,89,4,85,22,21,1,0,0,5,0,0,4,1,6,1,0,3,2,11,1,0,7,3,2,0,2,0,0,1,0,3,0,3,0
Roswell Police Department,2000,New Mexico,45293,NM00301,77,6,71,25,22,3,0,0,7,1,0,4,2,5,1,1,1,2,12,2,1,5,4,1,0,4,0,0,1,0,6,0,0,0
Roswell Police Department,2001,New Mexico,45544,NM00301,80,7,73,25,21,4,0,0,3,0,0,2,1,4,1,0,3,0,7,1,0,5,1,1,0,0,0,0,0,0,3,0,2,1
Roswell Police Department,2002,New Mexico,46190,NM00301,77,7,70,26,22,4,0,0,8,1,0,7,0,13,1,0,11,1,21,2,0,18,1,2,0,2,0,0,5,1,9,0,0,2
Roswell Police Department,2003,New Mexico,44522,NM00301,79,7,72,27,22,5,0,0,4,0,0,4,0,9,2,0,6,1,13,2,0,10,1,2,0,3,0,0,0,0,5,0,2,1
Roswell Police Department,2004,New Mexico,44905,NM00301,82,7,75,26,22,4,0,0,0,0,0,0,0,16,1,4,7,4,16,1,4,7,4,0,0,2,0,0,4,0,4,0,6,0
Roswell Police Department,2005,New Mexico,45668,NM00301,81,5,76,23,22,1,0,0,2,0,0,2,0,18,3,1,13,1,20,3,1,15,1,1,2,0,0,1,1,0,5,0,7,3
Roswell Police Department,2006,New Mexico,45813,NM00301,78,6,72,31,27,4,0,0,8,1,0,6,1,11,1,2,6,2,19,2,2,12,3,4,0,3,2,0,0,0,4,2,2,2
Roswell Police Department,2007,New Mexico,45581,NM00301,75,8,67,29,28,1,0,0,5,0,0,4,1,7,0,0,5,2,12,0,0,9,3,0,0,1,0,0,0,1,5,0,3,2
Roswell Police Department,2008,New Mexico,45619,NM00301,77,8,69,32,28,4,0,0,8,0,0,8,0,7,2,0,3,2,15,2,0,11,2,6,0,0,0,0,1,5,2,0,0,1
Roswell Police Department,2009,New Mexico,46314,NM00301,83,8,75,36,30,6,0,0,2,0,0,1,1,16,7,2,5,2,18,7,2,6,3,4,0,2,0,0,0,1,1,0,5,5
Roswell Police Department,2010,New Mexico,48366,NM00301,89,11,78,30,28,2,0,0,7,3,0,4,0,7,0,3,3,1,14,3,3,7,1,6,0,0,0,0,1,0,4,1,0,2
Roswell Police Department,2011,New Mexico,48907,NM00301,77,7,70,35,29,6,0,0,2,0,0,2,0,15,4,0,4,7,17,4,0,6,7,6,0,1,0,0,2,0,3,0,4,1
Roswell Police Department,2012,New Mexico,48623,NM00301,80,8,72,32,29,3,0,0,4,0,0,2,2,14,0,0,10,4,18,0,0,12,6,7,0,4,0,0,2,0,3,0,0,2
Roswell Police Department,2014,New Mexico,48636,NM00301,81,5,76,23,22,1,0,0,3,0,0,2,1,8,1,1,6,0,11,1,1,8,1,1,0,2,0,0,0,0,7,0,0,1
Roswell Police Department,2015,New Mexico,48633,NM00301,81,5,76,23,22,1,0,0,15,1,0,14,0,3,0,0,3,0,18,1,0,17,0,5,0,4,0,0,0,0,6,0,1,2
