agency,year,state,population,ORI,total_officers,female_employees_officers,male_employees_officers,total_civilians,female_employees_civilians,male_employees_civilians,officers_killed_accident,officers_killed_felony,assault_injury_total,assault_injury_gun,assault_injury_knife,assault_injury_hand_feet,assault_injury_other,assault_no_injury_total,assault_no_injury_gun,assault_no_injury_knife,assault_no_injury_hand_feet,assault_no_injury_other,total_assault_total,total_assault_gun,total_assault_knife,total_assault_hand_feet,total_assault_other,all_oth_total_assault,ambush_total_assault,att_oth_arrest_total_assault,burglary_total_assault,civil_disorder_total_assault,cust_prisoners_total_assault,deranged_total_assault,disturbance_total_assault,robbery_total_assault,susp_pers_total_assault,traffic_total_assault
Jersey City Police,1975,New Jersey,255669,NJ00906,981,2,979,37,25,12,0,0,79,1,1,72,5,225,1,5,210,9,304,2,6,282,14,59,5,68,5,3,24,1,46,4,50,39
Jersey City Police,1976,New Jersey,252705,NJ00906,998,2,996,22,13,9,0,1,50,1,0,42,7,240,1,0,229,10,290,2,0,271,17,94,1,72,9,1,13,0,33,1,36,30
Jersey City Police,1977,New Jersey,241926,NJ00906,961,2,959,19,8,11,0,0,43,1,1,35,6,249,2,6,234,7,292,3,7,269,13,90,1,36,5,2,39,1,30,8,37,43
Jersey City Police,1978,New Jersey,233957,NJ00906,884,1,883,12,7,5,0,0,60,0,0,59,1,241,2,0,238,1,301,2,0,297,2,86,1,32,11,1,21,2,57,2,34,54
Jersey City Police,1979,New Jersey,228098,NJ00906,944,4,940,15,5,10,0,0,41,0,0,40,1,298,1,3,286,8,339,1,3,326,9,101,0,24,9,1,29,2,82,5,40,46
Jersey City Police,1980,New Jersey,222764,NJ00906,926,5,921,15,6,9,0,0,44,1,2,35,6,321,1,1,310,9,365,2,3,345,15,97,1,31,5,1,42,0,108,7,33,40
Jersey City Police,1981,New Jersey,224549,NJ00906,981,12,969,40,31,9,0,0,40,1,1,33,5,362,1,2,351,8,402,2,3,384,13,165,4,38,6,0,40,0,66,4,27,52
Jersey City Police,1982,New Jersey,225673,NJ00906,943,12,931,55,39,16,0,0,74,1,4,65,4,290,2,1,285,2,364,3,5,350,6,115,5,67,5,0,29,0,65,14,27,37
Jersey City Police,1983,New Jersey,226583,NJ00906,908,11,897,59,42,17,0,0,32,0,0,24,8,313,3,6,290,14,345,3,6,314,22,93,0,174,1,0,8,0,32,3,17,17
Jersey City Police,1984,New Jersey,225973,NJ00906,884,11,873,71,59,12,0,0,39,0,2,31,6,204,0,3,194,7,243,0,5,225,13,153,0,13,6,0,0,0,54,1,2,14
Jersey City Police,1985,New Jersey,224401,NJ00906,920,11,909,73,62,11,0,0,35,0,0,35,0,191,0,0,191,0,226,0,0,226,0,107,0,23,1,0,14,1,39,3,15,23
Jersey City Police,1986,New Jersey,226135,NJ00906,896,11,885,75,57,18,0,1,43,4,0,38,1,199,11,2,183,3,242,15,2,221,4,93,0,44,8,2,7,0,51,2,15,20
Jersey City Police,1987,New Jersey,220981,NJ00906,878,10,868,77,65,12,0,0,24,0,0,20,4,126,6,3,114,3,150,6,3,134,7,60,0,17,9,1,6,0,42,2,5,8
Jersey City Police,1988,New Jersey,218492,NJ00906,896,14,882,79,50,29,0,0,50,0,7,20,23,147,6,16,90,35,197,6,23,110,58,36,0,41,12,4,4,1,61,4,7,27
Jersey City Police,1989,New Jersey,218020,NJ00906,938,24,914,82,65,17,0,0,73,0,5,50,18,246,1,14,183,48,319,1,19,233,66,53,0,62,12,0,17,5,108,4,13,45
Jersey City Police,1990,New Jersey,228537,NJ00906,916,26,890,89,68,21,0,0,52,2,2,31,17,207,0,5,176,26,259,2,7,207,43,45,0,32,6,19,11,0,77,3,32,34
Jersey City Police,1991,New Jersey,229419,NJ00906,808,16,792,76,63,13,0,0,34,1,3,18,12,126,1,2,119,4,160,2,5,137,16,35,0,12,7,4,2,0,55,3,32,10
Jersey City Police,1992,New Jersey,230277,NJ00906,832,24,808,84,66,18,0,0,13,0,0,10,3,130,2,2,124,2,143,2,2,134,5,30,0,14,6,0,0,0,47,3,29,14
Jersey City Police,1993,New Jersey,230298,NJ00906,821,27,794,81,63,18,0,0,28,0,1,21,6,118,2,5,104,7,146,2,6,125,13,21,0,37,3,1,2,1,38,5,19,19
Jersey City Police,1994,New Jersey,231028,NJ00906,764,32,732,100,67,33,0,0,65,0,4,49,12,124,8,9,96,11,189,8,13,145,23,19,0,49,6,15,6,1,54,3,16,20
Jersey City Police,1995,New Jersey,227195,NJ00906,851,46,805,104,78,26,0,0,88,2,2,63,21,80,14,14,31,21,168,16,16,94,42,6,0,52,5,1,6,0,61,6,12,19
Jersey City Police,1996,New Jersey,228424,NJ00906,839,45,794,125,80,45,0,0,123,0,0,112,11,75,3,4,52,16,198,3,4,164,27,7,0,89,8,1,6,0,42,3,14,28
Jersey City Police,1997,New Jersey,230283,NJ00906,858,46,812,141,88,53,0,0,132,0,0,123,9,90,3,1,73,13,222,3,1,196,22,11,1,101,5,2,5,0,52,1,18,26
Jersey City Police,1998,New Jersey,231073,NJ00906,866,38,828,153,95,58,0,0,95,0,0,86,9,69,2,0,57,10,164,2,0,143,19,0,0,71,3,2,6,0,48,1,13,20
Jersey City Police,1999,New Jersey,233242,NJ00906,899,57,842,141,85,56,0,0,118,0,0,100,18,97,3,1,77,16,215,3,1,177,34,4,0,77,7,1,8,0,66,2,18,32
Jersey City Police,2000,New Jersey,245691,NJ00906,871,56,815,152,86,66,0,0,119,0,0,100,19,101,4,9,68,20,220,4,9,168,39,0,0,78,2,0,8,0,74,1,15,42
Jersey City Police,2001,New Jersey,242055,NJ00906,839,55,784,176,113,63,0,1,105,0,0,90,15,82,0,10,54,18,187,0,10,144,33,1,0,70,7,0,3,0,64,0,11,31
Jersey City Police,2002,New Jersey,245075,NJ00906,826,56,770,161,96,65,0,0,99,1,0,89,9,74,0,4,60,10,173,1,4,149,19,0,0,64,9,0,5,0,61,0,7,27
Jersey City Police,2003,New Jersey,241443,NJ00906,806,54,752,142,76,66,0,0,78,0,0,72,6,64,0,0,56,8,142,0,0,128,14,0,0,55,2,0,0,0,60,0,9,16
Jersey City Police,2004,New Jersey,240773,NJ00906,813,73,740,159,90,69,0,0,10,0,0,8,2,81,1,0,64,16,91,1,0,72,18,6,1,11,2,0,1,0,31,7,21,11
Jersey City Police,2005,New Jersey,239603,NJ00906,838,81,757,187,107,80,2,0,8,2,0,5,1,123,2,0,111,10,131,4,0,116,11,10,0,12,0,0,5,5,37,0,51,11
Jersey City Police,2006,New Jersey,239794,NJ00906,870,87,783,201,109,92,0,0,4,0,0,3,1,190,8,4,154,24,194,8,4,157,25,18,0,43,0,0,2,0,60,0,45,26
Jersey City Police,2007,New Jersey,240718,NJ00906,902,93,809,178,95,83,0,0,3,0,0,3,0,169,0,1,162,6,172,0,1,165,6,34,0,28,4,1,6,0,56,0,32,11
Jersey City Police,2008,New Jersey,241588,NJ00906,885,91,794,160,96,64,0,0,36,0,0,32,4,129,5,0,116,8,165,5,0,148,12,11,3,29,3,14,8,0,37,4,45,11
Jersey City Police,2009,New Jersey,240858,NJ00906,885,107,778,174,99,75,0,1,20,4,2,11,3,105,1,3,89,12,125,5,5,100,15,11,3,23,7,2,2,3,26,6,22,20
Jersey City Police,2010,New Jersey,247597,NJ00906,831,102,729,153,91,62,0,0,8,0,0,5,3,108,1,1,83,23,116,1,1,88,26,9,2,8,1,2,1,11,39,1,23,19
Jersey City Police,2011,New Jersey,248423,NJ00906,806,102,704,139,81,58,0,0,21,1,1,14,5,127,1,2,107,17,148,2,3,121,22,25,0,22,7,12,7,2,38,5,15,15
Jersey City Police,2012,New Jersey,251554,NJ00906,798,101,697,142,81,61,0,0,29,0,0,28,1,145,6,6,125,8,174,6,6,153,9,20,0,4,0,23,10,2,61,2,41,11
Jersey City Police,2013,New Jersey,256886,NJ00906,770,103,667,159,88,71,0,0,22,0,1,18,3,136,5,2,107,22,158,5,3,125,25,24,0,7,0,29,10,4,41,4,23,16
Jersey City Police,2014,New Jersey,260005,NJ00906,790,101,689,146,85,61,0,1,24,1,0,22,1,89,0,0,89,0,113,1,0,111,1,16,1,0,10,26,6,1,19,2,15,17
Jersey City Police,2015,New Jersey,265159,NJ00906,814,108,706,122,51,71,0,0,10,0,0,7,3,80,0,0,78,2,90,0,0,85,5,9,0,3,1,8,4,4,19,1,29,12
