agency,year,state,population,ORI,total_officers,female_employees_officers,male_employees_officers,total_civilians,female_employees_civilians,male_employees_civilians,officers_killed_accident,officers_killed_felony,assault_injury_total,assault_injury_gun,assault_injury_knife,assault_injury_hand_feet,assault_injury_other,assault_no_injury_total,assault_no_injury_gun,assault_no_injury_knife,assault_no_injury_hand_feet,assault_no_injury_other,total_assault_total,total_assault_gun,total_assault_knife,total_assault_hand_feet,total_assault_other,all_oth_total_assault,ambush_total_assault,att_oth_arrest_total_assault,burglary_total_assault,civil_disorder_total_assault,cust_prisoners_total_assault,deranged_total_assault,disturbance_total_assault,robbery_total_assault,susp_pers_total_assault,traffic_total_assault
Franklin County Sheriff's Office,1975,Ohio,103846,OH02500,149,7,142,45,21,24,0,0,11,0,0,8,3,2,0,0,2,0,13,0,0,10,3,0,0,3,0,0,8,0,0,0,0,2
Franklin County Sheriff's Office,1976,Ohio,43080,OH02500,120,8,112,50,27,23,0,0,6,0,0,6,0,2,0,0,2,0,8,0,0,8,0,0,0,3,0,0,5,0,0,0,0,0
Franklin County Sheriff's Office,1978,Ohio,100536,OH02500,89,1,88,50,35,15,0,0,8,0,0,8,0,15,0,0,15,0,23,0,0,23,0,0,0,2,0,2,19,0,0,0,0,0
Franklin County Sheriff's Office,1979,Ohio,119090,OH02500,170,7,163,46,26,20,0,0,0,0,0,0,0,19,0,0,19,0,19,0,0,19,0,0,0,3,0,5,11,0,0,0,0,0
Franklin County Sheriff's Office,1982,Ohio,111467,OH02500,331,53,278,119,87,32,0,0,0,0,0,0,0,36,0,0,36,0,36,0,0,36,0,0,0,0,0,0,31,0,4,0,0,1
Franklin County Sheriff's Office,1983,Ohio,96064,OH02500,328,48,280,126,56,70,0,0,0,0,0,0,0,29,0,0,29,0,29,0,0,29,0,0,0,0,0,0,26,0,1,0,0,2
Franklin County Sheriff's Office,1984,Ohio,97366,OH02500,340,54,286,129,41,88,0,0,5,0,0,5,0,8,1,0,7,0,13,1,0,12,0,1,1,0,0,0,11,0,0,0,0,0
Franklin County Sheriff's Office,1985,Ohio,112759,OH02500,383,55,328,125,63,62,0,0,25,0,0,21,4,24,0,0,22,2,49,0,0,43,6,4,0,8,0,0,27,0,7,0,0,3
Franklin County Sheriff's Office,1986,Ohio,101060,OH02500,447,78,369,104,56,48,0,0,8,0,1,7,0,28,0,0,28,0,36,0,1,35,0,7,0,4,0,1,14,0,5,0,0,5
Franklin County Sheriff's Office,1987,Ohio,101359,OH02500,437,76,361,114,61,53,0,0,8,0,0,8,0,24,0,0,24,0,32,0,0,32,0,1,0,5,0,1,19,0,3,0,1,2
Franklin County Sheriff's Office,1989,Ohio,110117,OH02500,446,80,366,124,67,57,0,0,8,0,0,8,0,28,0,0,28,0,36,0,0,36,0,1,0,9,1,0,11,0,10,2,0,2
Franklin County Sheriff's Office,1990,Ohio,82899,OH02500,471,84,387,119,65,54,0,0,9,0,0,6,3,38,1,0,30,7,47,1,0,36,10,1,0,4,0,1,17,1,10,0,6,7
Franklin County Sheriff's Office,1991,Ohio,83601,OH02500,471,84,387,119,65,54,0,0,7,0,0,7,0,61,0,1,57,3,68,0,1,64,3,2,0,0,0,0,59,1,2,0,0,4
Franklin County Sheriff's Office,1992,Ohio,84189,OH02500,203,12,191,154,103,51,0,0,16,1,1,13,1,61,2,6,46,7,77,3,7,59,8,5,1,1,0,0,30,0,26,0,9,5
Franklin County Sheriff's Office,1993,Ohio,88711,OH02500,203,12,191,154,103,51,0,0,6,0,0,6,0,26,0,0,23,3,32,0,0,29,3,2,0,0,0,0,19,0,6,0,5,0
Franklin County Sheriff's Office,1994,Ohio,88798,OH02500,570,94,476,149,100,49,0,0,8,0,0,6,2,40,0,0,34,6,48,0,0,40,8,3,0,0,0,0,35,0,6,0,4,0
Franklin County Sheriff's Office,1995,Ohio,99787,OH02500,551,93,458,129,84,45,0,0,15,0,0,13,2,36,1,0,25,10,51,1,0,38,12,0,0,4,0,0,36,1,3,0,5,2
Franklin County Sheriff's Office,1996,Ohio,98325,OH02500,565,102,463,130,83,47,0,0,5,0,0,5,0,18,0,0,12,6,23,0,0,17,6,2,0,0,0,0,13,0,5,1,1,1
Franklin County Sheriff's Office,1997,Ohio,98439,OH02500,559,103,456,133,90,43,0,0,1,0,0,1,0,12,0,0,12,0,13,0,0,13,0,0,0,0,1,0,11,0,0,0,1,0
Franklin County Sheriff's Office,1998,Ohio,65434,OH02500,563,107,456,129,86,43,0,0,11,0,0,11,0,23,3,0,19,1,34,3,0,30,1,3,0,2,0,2,18,0,1,0,2,6
Franklin County Sheriff's Office,1999,Ohio,65554,OH02500,611,117,494,131,98,33,0,0,1,0,0,1,0,6,0,0,5,1,7,0,0,6,1,0,0,0,0,0,5,0,0,0,0,2
Franklin County Sheriff's Office,2000,Ohio,89480,OH02500,412,61,351,336,157,179,0,0,29,0,0,29,0,3,0,0,3,0,32,0,0,32,0,0,0,0,0,0,22,0,10,0,0,0
Franklin County Sheriff's Office,2001,Ohio,89639,OH02500,392,56,336,393,176,217,0,0,0,0,0,0,0,0,0,0,0,0,0,0,0,0,0,0,0,0,0,0,0,0,0,0,0,0
Franklin County Sheriff's Office,2004,Ohio,89782,OH02500,452,61,391,409,172,237,0,0,0,0,0,0,0,0,0,0,0,0,0,0,0,0,0,0,0,0,0,0,0,0,0,0,0,0
