agency,year,state,population,ORI,total_officers,female_employees_officers,male_employees_officers,total_civilians,female_employees_civilians,male_employees_civilians,officers_killed_accident,officers_killed_felony,assault_injury_total,assault_injury_gun,assault_injury_knife,assault_injury_hand_feet,assault_injury_other,assault_no_injury_total,assault_no_injury_gun,assault_no_injury_knife,assault_no_injury_hand_feet,assault_no_injury_other,total_assault_total,total_assault_gun,total_assault_knife,total_assault_hand_feet,total_assault_other,all_oth_total_assault,ambush_total_assault,att_oth_arrest_total_assault,burglary_total_assault,civil_disorder_total_assault,cust_prisoners_total_assault,deranged_total_assault,disturbance_total_assault,robbery_total_assault,susp_pers_total_assault,traffic_total_assault
Austin Police Department,1975,Texas,300400,TX22701,446,0,446,193,95,98,0,1,70,1,0,58,11,95,6,5,76,8,165,7,5,134,19,21,0,14,4,1,19,2,48,1,23,32
Austin Police Department,1976,Texas,284908,TX22701,444,3,441,186,96,90,0,0,68,1,3,60,4,96,2,1,85,8,164,3,4,145,12,6,0,6,2,0,25,4,69,4,20,28
Austin Police Department,1977,Texas,321900,TX22701,442,5,437,180,101,79,0,0,29,0,3,22,4,167,13,7,133,14,196,13,10,155,18,13,0,1,6,1,30,1,90,5,16,33
Austin Police Department,1978,Texas,331557,TX22701,460,10,450,196,115,81,0,1,73,1,1,65,6,109,9,3,88,9,182,10,4,153,15,20,2,33,3,3,25,0,72,0,5,19
Austin Police Department,1979,Texas,337727,TX22701,519,26,493,211,118,93,0,0,70,0,3,60,7,118,11,9,87,11,188,11,12,147,18,36,2,39,2,0,22,8,54,1,12,12
Austin Police Department,1980,Texas,343425,TX22701,542,28,514,202,117,85,0,0,76,0,2,70,4,125,7,7,102,9,201,7,9,172,13,17,2,45,1,3,20,1,69,1,21,21
Austin Police Department,1981,Texas,357607,TX22701,578,34,544,204,123,81,0,0,50,1,0,40,9,153,6,2,135,10,203,7,2,175,19,17,0,42,2,1,26,3,73,11,15,13
Austin Police Department,1982,Texas,370331,TX22701,602,37,565,225,124,101,0,0,51,0,0,47,4,174,1,4,161,8,225,1,4,208,12,4,1,73,2,2,32,5,79,0,5,22
Austin Police Department,1983,Texas,381091,TX22701,590,35,555,242,133,109,0,0,24,0,1,20,3,221,0,5,172,44,245,0,6,192,47,10,0,62,2,40,34,1,63,5,14,14
Austin Police Department,1984,Texas,385237,TX22701,625,51,574,262,136,126,0,0,15,0,1,9,5,168,3,1,159,5,183,3,2,168,10,31,0,27,0,0,43,4,48,0,12,18
Austin Police Department,1985,Texas,406469,TX22701,681,62,619,338,175,163,0,0,24,0,0,22,2,165,8,3,149,5,189,8,3,171,7,17,0,24,2,3,31,1,79,0,15,17
Austin Police Department,1986,Texas,414220,TX22701,747,77,670,319,179,140,0,0,30,2,2,22,4,219,4,1,207,7,249,6,3,229,11,11,4,21,7,1,60,3,101,1,18,22
Austin Police Department,1987,Texas,469542,TX22701,761,80,681,324,186,138,0,0,23,2,3,15,3,197,1,0,193,3,220,3,3,208,6,5,0,15,1,0,89,3,70,1,15,21
Austin Police Department,1988,Texas,467423,TX22701,787,87,700,280,162,118,0,0,46,0,1,41,4,211,0,2,201,8,257,0,3,242,12,15,1,24,4,1,50,6,91,3,44,18
Austin Police Department,1989,Texas,468907,TX22701,756,87,669,272,167,105,1,0,92,0,4,80,8,248,10,6,220,12,340,10,10,300,20,15,2,53,1,2,58,6,139,3,31,30
Austin Police Department,1990,Texas,465622,TX22701,768,88,680,293,183,110,0,0,151,1,2,144,4,195,2,0,185,8,346,3,2,329,12,15,1,76,2,7,57,3,138,6,18,23
Austin Police Department,1991,Texas,475558,TX22701,811,92,719,314,194,120,0,0,96,0,0,92,4,89,4,8,73,4,185,4,8,165,8,3,3,39,0,1,30,8,69,1,26,5
Austin Police Department,1992,Texas,483975,TX22701,825,91,734,334,215,119,0,0,93,0,2,86,5,76,0,4,73,7,169,0,6,151,12,8,0,26,0,0,35,6,65,0,21,8
Austin Police Department,1993,Texas,502018,TX22701,881,99,782,361,211,150,0,0,161,0,0,151,10,49,6,0,42,1,210,6,0,193,11,5,0,43,6,1,51,7,62,0,20,15
Austin Police Department,1994,Texas,511676,TX22701,921,104,817,360,197,163,0,0,168,1,1,158,8,49,2,1,38,8,217,3,2,196,16,11,0,40,1,1,26,9,94,2,18,15
Austin Police Department,1995,Texas,523691,TX22701,983,108,875,437,228,209,1,0,7,0,0,5,2,6,0,1,5,0,13,0,1,10,2,6,0,0,0,0,1,0,5,0,1,0
Austin Police Department,1996,Texas,537484,TX22701,935,120,815,417,243,174,0,0,110,0,1,91,18,82,2,2,69,9,192,2,3,160,27,11,3,45,2,0,33,2,71,0,19,6
Austin Police Department,1997,Texas,546223,TX22701,968,116,852,441,276,165,0,0,47,0,1,41,5,154,5,2,127,20,201,5,3,168,25,18,2,68,3,0,29,4,53,1,9,14
Austin Police Department,1998,Texas,559758,TX22701,1085,130,955,406,265,141,0,0,100,0,1,88,11,94,1,2,79,12,194,1,3,167,23,16,0,52,5,2,17,7,60,1,12,22
Austin Police Department,1999,Texas,560389,TX22701,1156,139,1017,430,276,154,0,0,140,0,0,132,8,92,0,4,76,12,232,0,4,208,20,37,1,25,8,3,17,4,101,1,15,20
Austin Police Department,2000,Texas,656562,TX22701,1136,134,1002,490,295,195,0,0,102,0,0,82,20,91,2,5,62,22,193,2,5,144,42,3,1,22,5,3,8,2,93,2,26,28
Austin Police Department,2001,Texas,671462,TX22701,1208,139,1069,586,317,269,1,0,43,0,0,41,2,106,0,5,82,19,149,0,5,123,21,12,0,24,7,5,2,5,57,0,23,14
Austin Police Department,2002,Texas,685784,TX22701,1251,146,1105,560,330,230,0,0,88,0,0,78,10,59,2,2,45,10,147,2,2,123,20,10,0,8,3,0,5,9,69,1,16,26
Austin Police Department,2003,Texas,682319,TX22701,1314,152,1162,430,262,168,0,0,101,0,0,89,12,33,4,2,17,10,134,4,2,106,22,3,2,19,3,0,2,12,64,2,18,9
Austin Police Department,2004,Texas,683298,TX22701,1365,161,1204,461,340,121,0,0,16,0,0,15,1,106,3,3,82,18,122,3,3,97,19,6,0,52,0,4,19,3,22,0,12,4
Austin Police Department,2005,Texas,693019,TX22701,1361,154,1207,474,333,141,0,0,24,0,0,20,4,97,3,1,92,1,121,3,1,112,5,3,0,53,0,1,16,6,21,0,12,9
Austin Police Department,2006,Texas,709813,TX22701,1373,157,1216,573,351,222,0,0,84,0,0,77,7,79,3,4,53,19,163,3,4,130,26,1,1,52,0,3,39,11,22,2,11,21
Austin Police Department,2007,Texas,716817,TX22701,1418,165,1253,577,371,206,0,0,48,1,1,45,1,65,2,1,48,14,113,3,2,93,15,2,0,46,0,2,19,4,18,0,11,11
Austin Police Department,2008,Texas,753535,TX22701,1466,175,1291,568,368,200,0,0,42,0,1,37,4,62,2,3,53,4,104,2,4,90,8,1,2,45,0,2,24,7,4,1,7,11
Austin Police Department,2009,Texas,768970,TX22701,1564,181,1383,582,362,220,0,0,8,0,0,7,1,136,4,0,113,19,144,4,0,120,20,0,2,42,1,9,30,16,14,0,19,11
Austin Police Department,2010,Texas,790390,TX22701,1605,174,1431,536,365,171,0,0,3,0,1,2,0,101,4,3,85,9,104,4,4,87,9,0,3,33,1,3,28,7,10,0,8,11
Austin Police Department,2011,Texas,807022,TX22701,1644,179,1465,567,357,210,0,0,5,0,0,5,0,107,2,0,91,14,112,2,0,96,14,15,0,25,3,1,22,0,27,4,8,7
Austin Police Department,2012,Texas,832901,TX22701,1628,174,1454,624,374,250,0,1,6,0,0,5,1,102,2,2,88,10,108,2,2,93,11,10,0,41,2,2,14,6,20,0,7,6
Austin Police Department,2013,Texas,859180,TX22701,1675,170,1505,558,379,179,1,0,6,1,0,4,1,133,2,3,124,4,139,3,3,128,5,18,0,58,1,1,10,13,25,3,5,5
Austin Police Department,2014,Texas,903924,TX22701,1709,171,1538,597,352,245,0,0,6,0,0,5,1,134,4,3,118,9,140,4,3,123,10,24,0,40,0,2,12,2,33,0,15,12
Austin Police Department,2015,Texas,938728,TX22701,1750,175,1575,540,359,181,0,0,7,0,0,7,0,96,0,1,93,2,103,0,1,100,2,11,0,36,1,1,3,0,32,2,15,2
