agency,year,state,population,ORI,total_officers,female_employees_officers,male_employees_officers,total_civilians,female_employees_civilians,male_employees_civilians,officers_killed_accident,officers_killed_felony,assault_injury_total,assault_injury_gun,assault_injury_knife,assault_injury_hand_feet,assault_injury_other,assault_no_injury_total,assault_no_injury_gun,assault_no_injury_knife,assault_no_injury_hand_feet,assault_no_injury_other,total_assault_total,total_assault_gun,total_assault_knife,total_assault_hand_feet,total_assault_other,all_oth_total_assault,ambush_total_assault,att_oth_arrest_total_assault,burglary_total_assault,civil_disorder_total_assault,cust_prisoners_total_assault,deranged_total_assault,disturbance_total_assault,robbery_total_assault,susp_pers_total_assault,traffic_total_assault
Bexar County Sheriff's Office,1976,Texas,103625,TX01500,213,16,197,0,0,0,0,0,0,0,0,0,0,0,0,0,0,0,0,0,0,0,0,0,0,0,0,0,0,0,0,0,0,0
Bexar County Sheriff's Office,1977,Texas,85286,TX01500,422,30,392,23,18,5,0,0,0,0,0,0,0,2,2,0,0,0,2,2,0,0,0,0,0,0,2,0,0,0,0,0,0,0
Bexar County Sheriff's Office,1978,Texas,54614,TX01500,355,16,339,133,53,80,0,0,0,0,0,0,0,0,0,0,0,0,0,0,0,0,0,0,0,0,0,0,0,0,0,0,0,0
Bexar County Sheriff's Office,1979,Texas,95874,TX01500,359,18,341,124,48,76,0,0,0,0,0,0,0,0,0,0,0,0,0,0,0,0,0,0,0,0,0,0,0,0,0,0,0,0
Bexar County Sheriff's Office,1980,Texas,130673,TX01500,348,16,332,156,49,107,0,0,0,0,0,0,0,0,0,0,0,0,0,0,0,0,0,0,0,0,0,0,0,0,0,0,0,0
Bexar County Sheriff's Office,1981,Texas,136072,TX01500,352,20,332,189,60,129,0,0,0,0,0,0,0,0,0,0,0,0,0,0,0,0,0,0,0,0,0,0,0,0,0,0,0,0
Bexar County Sheriff's Office,1982,Texas,140911,TX01500,390,22,368,252,71,181,0,0,15,0,0,14,1,0,0,0,0,0,15,0,0,14,1,0,0,4,1,0,9,0,1,0,0,0
Bexar County Sheriff's Office,1983,Texas,143871,TX01500,511,43,468,207,74,133,0,0,14,0,0,14,0,8,1,0,7,0,22,1,0,21,0,4,0,2,0,1,8,0,4,0,1,2
Bexar County Sheriff's Office,1984,Texas,158506,TX01500,647,79,568,63,49,14,0,0,17,0,0,15,2,7,0,1,6,0,24,0,1,21,2,6,0,7,0,1,6,0,0,0,3,1
Bexar County Sheriff's Office,1985,Texas,172393,TX01500,663,96,567,62,47,15,0,1,6,0,0,4,2,8,0,0,8,0,14,0,0,12,2,8,0,2,0,0,0,0,4,0,0,0
Bexar County Sheriff's Office,1986,Texas,172538,TX01500,471,35,436,77,55,22,0,0,10,0,2,7,1,10,1,0,9,0,20,1,2,16,1,8,0,2,0,0,0,1,7,0,0,2
Bexar County Sheriff's Office,1987,Texas,162504,TX01500,480,40,440,313,111,202,0,0,17,1,0,15,1,21,2,1,18,0,38,3,1,33,1,4,0,5,1,0,3,0,14,1,2,8
Bexar County Sheriff's Office,1988,Texas,165245,TX01500,475,40,435,389,127,262,0,0,30,0,0,18,12,19,3,2,10,4,49,3,2,28,16,2,0,6,1,0,25,2,10,0,0,3
Bexar County Sheriff's Office,1989,Texas,178404,TX01500,503,40,463,581,240,341,0,0,3,0,0,2,1,16,1,0,14,1,19,1,0,16,2,0,0,4,0,0,8,0,7,0,0,0
Bexar County Sheriff's Office,1990,Texas,166530,TX01500,509,55,454,621,221,400,0,0,42,2,0,38,2,42,3,1,35,3,84,5,1,73,5,13,0,11,1,1,38,0,15,1,2,2
Bexar County Sheriff's Office,1991,Texas,168515,TX01500,639,64,575,583,218,365,1,0,61,1,0,57,3,40,0,0,38,2,101,1,0,95,5,11,0,2,0,0,81,0,4,0,2,1
Bexar County Sheriff's Office,1992,Texas,171497,TX01500,693,68,625,599,227,372,0,0,41,1,0,40,0,22,2,2,27,0,63,3,2,58,0,0,0,3,0,0,56,0,3,0,1,0
Bexar County Sheriff's Office,1993,Texas,179914,TX01500,338,17,321,1173,306,867,0,0,53,0,0,52,1,75,0,0,74,1,128,0,0,126,2,0,0,26,0,0,70,0,30,0,2,0
Bexar County Sheriff's Office,1994,Texas,187891,TX01500,350,23,327,1218,325,893,0,0,49,0,0,49,0,74,0,0,73,1,123,0,0,122,1,0,0,13,0,0,76,0,30,0,0,4
Bexar County Sheriff's Office,1995,Texas,209011,TX01500,374,25,349,1128,304,824,0,0,32,0,0,32,0,75,1,0,73,1,107,1,0,105,1,0,0,11,0,0,60,0,32,0,3,1
Bexar County Sheriff's Office,1996,Texas,213521,TX01500,968,103,865,479,218,261,0,0,33,1,0,31,1,50,1,0,48,1,83,2,0,79,2,1,0,2,0,4,42,0,29,0,3,2
Bexar County Sheriff's Office,1997,Texas,216992,TX01500,407,30,377,1103,322,781,0,0,22,0,0,22,0,28,0,0,27,1,50,0,0,49,1,6,0,0,0,0,35,0,5,0,3,1
Bexar County Sheriff's Office,1998,Texas,153809,TX01500,956,106,850,564,244,320,0,0,29,0,0,28,1,59,1,0,54,4,88,1,0,82,5,15,0,16,0,0,18,1,19,0,10,9
Bexar County Sheriff's Office,1999,Texas,142322,TX01500,427,38,389,1082,312,770,0,0,67,0,0,62,5,124,6,2,94,22,191,6,2,156,27,29,0,37,6,8,3,0,71,1,17,19
Bexar County Sheriff's Office,2000,Texas,150676,TX01500,426,38,388,1093,320,773,0,0,45,0,0,39,6,69,2,4,60,3,114,2,4,99,9,18,0,13,0,1,15,1,27,0,14,25
Bexar County Sheriff's Office,2001,Texas,154095,TX01500,438,39,399,1094,327,767,0,0,39,0,0,37,2,69,0,3,61,5,108,0,3,98,7,17,0,13,0,1,25,0,30,0,14,8
Bexar County Sheriff's Office,2002,Texas,157383,TX01500,444,41,403,1137,357,780,0,0,50,0,0,47,3,83,2,1,77,3,133,2,1,124,6,16,0,14,1,1,28,1,39,0,14,19
Bexar County Sheriff's Office,2003,Texas,153588,TX01500,447,42,405,1237,405,832,0,0,46,0,0,41,5,98,1,0,91,6,144,1,0,132,11,11,0,31,1,2,35,1,33,0,15,15
Bexar County Sheriff's Office,2004,Texas,156767,TX01500,454,43,411,1223,413,810,0,0,53,0,0,44,9,90,1,2,85,2,143,1,2,129,11,8,0,41,1,0,44,8,19,0,5,17
Bexar County Sheriff's Office,2005,Texas,155114,TX01500,482,46,436,1231,413,818,0,0,50,0,0,46,4,108,4,2,96,6,158,4,2,142,10,6,0,33,0,0,31,4,50,3,16,15
Bexar County Sheriff's Office,2006,Texas,157796,TX01500,489,49,440,1228,435,793,0,0,65,0,1,60,4,66,1,0,62,3,131,1,1,122,7,20,0,12,0,1,66,0,14,0,9,9
Bexar County Sheriff's Office,2007,Texas,145922,TX01500,504,53,451,1230,437,793,0,0,89,0,0,85,4,40,0,0,38,2,129,0,0,123,6,10,0,2,0,3,98,0,14,0,0,2
Bexar County Sheriff's Office,2008,Texas,148157,TX01500,529,58,471,1259,460,799,0,0,71,0,0,70,1,58,3,4,46,5,129,3,4,116,6,14,0,3,1,0,83,0,21,0,3,4
Bexar County Sheriff's Office,2009,Texas,150280,TX01500,537,61,476,1253,443,810,0,0,18,1,0,14,3,28,3,1,22,2,46,4,1,36,5,10,0,4,0,1,0,2,16,1,4,8
Bexar County Sheriff's Office,2010,Texas,267201,TX01500,515,61,454,1211,435,776,0,0,15,0,0,15,0,51,0,2,43,6,66,0,2,58,6,16,0,10,2,0,0,0,23,0,8,7
Bexar County Sheriff's Office,2011,Texas,272849,TX01500,527,63,464,1148,405,743,0,1,9,0,1,4,4,35,3,0,31,1,44,3,1,35,5,11,1,5,2,0,1,0,13,0,8,3
Bexar County Sheriff's Office,2012,Texas,277588,TX01500,527,68,459,1100,398,702,0,0,10,1,1,7,1,24,2,0,21,1,34,3,1,28,2,9,1,6,0,0,1,0,10,0,6,1
Bexar County Sheriff's Office,2013,Texas,285034,TX01500,537,77,460,1151,407,744,0,0,9,2,0,4,3,36,3,0,32,1,45,5,0,36,4,13,0,8,0,0,0,1,10,1,4,8
Bexar County Sheriff's Office,2014,Texas,294014,TX01500,956,106,850,564,244,320,0,0,12,1,0,7,4,55,2,0,50,3,67,3,0,57,7,9,0,11,1,0,1,1,21,0,10,13
Bexar County Sheriff's Office,2015,Texas,293036,TX01500,956,106,850,564,244,320,0,0,16,2,1,12,1,56,1,2,47,6,72,3,3,59,7,14,0,16,0,0,1,4,24,0,2,11
