agency,year,state,population,ORI,total_officers,female_employees_officers,male_employees_officers,total_civilians,female_employees_civilians,male_employees_civilians,officers_killed_accident,officers_killed_felony,assault_injury_total,assault_injury_gun,assault_injury_knife,assault_injury_hand_feet,assault_injury_other,assault_no_injury_total,assault_no_injury_gun,assault_no_injury_knife,assault_no_injury_hand_feet,assault_no_injury_other,total_assault_total,total_assault_gun,total_assault_knife,total_assault_hand_feet,total_assault_other,all_oth_total_assault,ambush_total_assault,att_oth_arrest_total_assault,burglary_total_assault,civil_disorder_total_assault,cust_prisoners_total_assault,deranged_total_assault,disturbance_total_assault,robbery_total_assault,susp_pers_total_assault,traffic_total_assault
Stafford County Sheriff's Office,2016,Virginia,143769,VA08900,173,19,154,67,57,10,0,0,6,1,0,4,1,25,3,0,22,0,31,4,0,26,1,0,0,3,0,0,1,0,21,0,5,1
Stafford County Sheriff's Office,2015,Virginia,142286,VA08900,167,16,151,65,57,8,0,0,5,0,0,5,0,8,1,0,6,1,13,1,0,11,1,1,0,2,0,0,0,0,10,0,0,0
Stafford County Sheriff's Office,2014,Virginia,138673,VA08900,168,21,147,70,59,11,0,0,28,0,0,24,4,1,0,0,1,0,29,0,0,25,4,6,1,10,0,0,1,0,8,0,3,0
Stafford County Sheriff's Office,2013,Virginia,136204,VA08900,170,22,148,68,58,10,0,0,21,0,0,16,5,0,0,0,0,0,21,0,0,16,5,8,0,4,0,0,0,0,9,0,0,0
Stafford County Sheriff's Office,2012,Virginia,133590,VA08900,160,20,140,64,54,10,0,0,27,0,0,23,4,0,0,0,0,0,27,0,0,23,4,2,0,2,1,0,0,2,15,0,0,5
Stafford County Sheriff's Office,2011,Virginia,130502,VA08900,152,18,134,62,51,11,0,0,21,0,0,19,2,0,0,0,0,0,21,0,0,19,2,4,0,2,0,0,3,1,9,0,1,1
Stafford County Sheriff's Office,2010,Virginia,128961,VA08900,163,22,141,61,53,8,0,0,33,0,0,30,3,0,0,0,0,0,33,0,0,30,3,13,0,2,1,0,4,0,9,0,3,1
Stafford County Sheriff's Office,2009,Virginia,125840,VA08900,156,14,142,63,57,6,0,0,21,0,0,14,7,0,0,0,0,0,21,0,0,14,7,0,0,2,0,0,1,0,10,0,1,7
Stafford County Sheriff's Office,2008,Virginia,124191,VA08900,155,19,136,56,49,7,0,0,13,0,0,9,4,0,0,0,0,0,13,0,0,9,4,3,0,2,0,0,0,0,7,0,1,0
Stafford County Sheriff's Office,2007,Virginia,124274,VA08900,137,14,123,65,54,11,0,1,17,0,0,16,1,0,0,0,0,0,17,0,0,16,1,2,0,5,2,0,0,0,7,0,0,1
Stafford County Sheriff's Office,2006,Virginia,119049,VA08900,133,13,120,53,46,7,0,0,25,0,0,18,7,0,0,0,0,0,25,0,0,18,7,3,0,6,0,0,3,0,5,0,0,8
Stafford County Sheriff's Office,2005,Virginia,116437,VA08900,138,11,127,55,41,14,0,0,14,0,0,12,2,0,0,0,0,0,14,0,0,12,2,2,0,1,0,0,0,0,8,0,1,2
Stafford County Sheriff's Office,2004,Virginia,112126,VA08900,114,8,106,47,40,7,0,0,15,0,0,15,0,6,1,0,3,2,21,1,0,18,2,0,1,5,0,0,7,0,7,0,1,0
Stafford County Sheriff's Office,2003,Virginia,106157,VA08900,123,12,111,39,35,4,0,0,5,0,0,3,2,25,0,0,19,6,30,0,0,22,8,2,0,7,0,0,1,0,15,1,1,3
Stafford County Sheriff's Office,2002,Virginia,95254,VA08900,107,8,99,15,15,0,0,0,5,0,0,5,0,25,1,2,20,2,30,1,2,25,2,7,0,1,0,0,2,0,17,1,0,2
Stafford County Sheriff's Office,2001,Virginia,93872,VA08900,99,8,91,10,10,0,0,0,3,0,0,3,0,16,0,0,16,0,19,0,0,19,0,4,0,6,0,0,0,0,6,0,2,1
Stafford County Sheriff's Office,2e3,Virginia,92446,VA08900,99,9,90,10,10,0,0,0,10,0,0,9,1,19,0,0,17,2,29,0,0,26,3,1,0,8,0,0,3,0,12,0,2,3
Stafford County Sheriff's Office,1999,Virginia,88101,VA08900,90,6,84,36,30,6,0,0,4,0,0,3,1,10,0,0,8,2,14,0,0,11,3,1,0,3,0,0,0,2,5,0,1,2
Stafford County Sheriff's Office,1998,Virginia,88601,VA08900,87,4,83,32,22,10,0,0,5,0,0,5,0,12,0,0,12,0,17,0,0,17,0,3,0,4,0,0,2,0,8,0,0,0
Stafford County Sheriff's Office,1997,Virginia,79867,VA08900,82,4,78,31,11,20,0,0,2,0,0,2,0,7,3,0,2,2,9,3,0,4,2,1,0,2,0,0,0,0,1,3,2,0
Stafford County Sheriff's Office,1996,Virginia,79168,VA08900,90,3,87,32,24,8,0,0,1,0,0,1,0,1,0,0,1,0,2,0,0,2,0,0,0,0,0,0,0,0,2,0,0,0
Stafford County Sheriff's Office,1995,Virginia,78493,VA08900,81,5,76,37,2,35,0,0,3,0,0,3,0,12,0,0,11,1,15,0,0,14,1,3,0,2,0,0,6,0,3,0,0,1
Stafford County Sheriff's Office,1994,Virginia,72651,VA08900,76,6,70,32,23,9,0,0,1,0,0,1,0,11,0,0,9,2,12,0,0,10,2,0,0,0,0,0,1,0,8,0,1,2
Stafford County Sheriff's Office,1993,Virginia,71975,VA08900,79,8,71,25,17,8,0,0,2,0,0,2,0,5,0,0,5,0,7,0,0,7,0,3,0,2,0,0,0,1,1,0,0,0
Stafford County Sheriff's Office,1992,Virginia,63112,VA08900,69,6,63,24,19,5,0,0,3,0,0,2,1,10,0,0,10,0,13,0,0,12,1,1,0,1,0,0,4,0,3,0,0,4
Stafford County Sheriff's Office,1991,Virginia,62212,VA08900,70,10,60,15,12,3,0,0,2,0,0,1,1,4,0,0,4,0,6,0,0,5,1,0,0,0,0,0,1,0,5,0,0,0
Stafford County Sheriff's Office,1990,Virginia,61236,VA08900,65,9,56,15,11,4,0,0,1,0,0,0,1,4,0,0,4,0,5,0,0,4,1,2,0,1,0,0,0,0,1,0,0,1
Stafford County Sheriff's Office,1989,Virginia,59810,VA08900,64,6,58,18,14,4,0,0,0,0,0,0,0,6,0,1,5,0,6,0,1,5,0,0,0,2,0,0,1,0,2,0,0,1
Stafford County Sheriff's Office,1988,Virginia,54030,VA08900,53,6,47,12,7,5,0,0,2,0,0,2,0,0,0,0,0,0,2,0,0,2,0,0,0,2,0,0,0,0,0,0,0,0
Stafford County Sheriff's Office,1987,Virginia,51116,VA08900,53,6,47,3,3,0,0,0,1,0,0,1,0,0,0,0,0,0,1,0,0,1,0,0,0,0,0,0,0,0,0,0,0,1
Stafford County Sheriff's Office,1986,Virginia,48408,VA08900,52,1,51,4,4,0,0,0,3,1,0,2,0,3,1,0,2,0,6,2,0,4,0,0,0,0,0,0,0,0,4,2,0,0
Stafford County Sheriff's Office,1985,Virginia,47693,VA08900,56,6,50,4,4,0,0,0,1,0,0,1,0,3,0,0,2,1,4,0,0,3,1,0,0,1,0,0,0,0,2,0,0,1
Stafford County Sheriff's Office,1984,Virginia,45168,VA08900,49,6,43,3,3,0,0,0,2,0,0,2,0,3,0,0,3,0,5,0,0,5,0,0,0,0,1,0,0,0,3,0,0,1
Stafford County Sheriff's Office,1983,Virginia,41878,VA08900,48,6,42,3,3,0,0,0,0,0,0,0,0,4,0,0,4,0,4,0,0,4,0,0,0,0,0,0,0,0,2,0,0,2
Stafford County Sheriff's Office,1982,Virginia,41433,VA08900,49,4,45,3,3,0,0,0,2,0,0,2,0,0,0,0,0,0,2,0,0,2,0,0,0,1,0,0,0,0,1,0,0,0
Stafford County Sheriff's Office,1981,Virginia,40942,VA08900,46,6,40,3,3,0,0,0,0,0,0,0,0,1,0,0,0,1,1,0,0,0,1,0,0,0,0,0,0,0,1,0,0,0
Stafford County Sheriff's Office,1980,Virginia,40168,VA08900,42,4,38,3,3,0,0,1,1,0,0,1,0,0,0,0,0,0,1,0,0,1,0,0,0,1,0,0,0,0,0,0,0,0
Stafford County Sheriff's Office,1979,Virginia,37454,VA08900,39,4,35,5,3,2,0,0,0,0,0,0,0,2,0,0,2,0,2,0,0,2,0,0,0,2,0,0,0,0,0,0,0,0
Stafford County Sheriff's Office,1978,Virginia,34206,VA08900,38,2,36,2,2,0,0,0,0,0,0,0,0,0,0,0,0,0,0,0,0,0,0,0,0,0,0,0,0,0,0,0,0,0
Stafford County Sheriff's Office,1977,Virginia,33361,VA08900,35,2,33,2,2,0,0,0,0,0,0,0,0,3,0,0,3,0,3,0,0,3,0,0,0,0,1,0,0,0,0,0,0,2
Stafford County Sheriff's Office,1976,Virginia,29441,VA08900,35,2,33,2,2,0,0,0,0,0,0,0,0,3,0,1,1,1,3,0,1,1,1,0,0,1,0,0,0,0,1,0,1,0
Stafford County Sheriff's Office,1975,Virginia,29038,VA08900,35,2,33,2,2,0,0,0,1,0,0,1,0,1,0,1,0,0,2,0,1,1,0,0,0,0,1,0,0,0,0,0,0,1
