agency,year,state,population,ORI,total_officers,female_employees_officers,male_employees_officers,total_civilians,female_employees_civilians,male_employees_civilians,officers_killed_accident,officers_killed_felony,assault_injury_total,assault_injury_gun,assault_injury_knife,assault_injury_hand_feet,assault_injury_other,assault_no_injury_total,assault_no_injury_gun,assault_no_injury_knife,assault_no_injury_hand_feet,assault_no_injury_other,total_assault_total,total_assault_gun,total_assault_knife,total_assault_hand_feet,total_assault_other,all_oth_total_assault,ambush_total_assault,att_oth_arrest_total_assault,burglary_total_assault,civil_disorder_total_assault,cust_prisoners_total_assault,deranged_total_assault,disturbance_total_assault,robbery_total_assault,susp_pers_total_assault,traffic_total_assault
Polk County Sheriff's Office,1975,Wisconsin,29628,WI04900,18,2,16,0,0,0,0,0,1,0,0,1,0,6,0,0,6,0,7,0,0,7,0,1,0,0,0,0,5,0,0,0,0,1
Polk County Sheriff's Office,1976,Wisconsin,29806,WI04900,17,2,15,0,0,0,0,0,1,0,0,1,0,1,0,0,1,0,2,0,0,2,0,0,0,0,0,0,0,0,1,0,0,1
Polk County Sheriff's Office,1977,Wisconsin,30365,WI04900,17,2,15,0,0,0,0,0,0,0,0,0,0,1,1,0,0,0,1,1,0,0,0,0,0,0,0,0,0,0,0,0,1,0
Polk County Sheriff's Office,1978,Wisconsin,30767,WI04900,19,2,17,1,1,0,0,0,2,0,0,2,0,0,0,0,0,0,2,0,0,2,0,0,0,0,0,0,0,0,0,0,0,2
Polk County Sheriff's Office,1979,Wisconsin,31580,WI04900,20,2,18,1,1,0,0,0,3,0,0,3,0,1,0,0,0,1,4,0,0,3,1,1,0,0,0,0,1,0,2,0,0,0
Polk County Sheriff's Office,1980,Wisconsin,32289,WI04900,17,2,15,6,4,2,0,0,0,0,0,0,0,1,0,0,1,0,1,0,0,1,0,0,0,0,0,0,0,0,0,0,0,1
Polk County Sheriff's Office,1981,Wisconsin,32690,WI04900,13,0,13,10,6,4,0,0,3,0,0,3,0,1,0,0,1,0,4,0,0,4,0,0,0,2,0,0,1,0,1,0,0,0
Polk County Sheriff's Office,1982,Wisconsin,32869,WI04900,23,5,18,2,2,0,0,0,2,0,0,2,0,0,0,0,0,0,2,0,0,2,0,0,0,0,0,0,0,0,2,0,0,0
Polk County Sheriff's Office,1983,Wisconsin,32772,WI04900,13,0,13,12,7,5,0,0,5,0,0,5,0,0,0,0,0,0,5,0,0,5,0,0,0,0,0,0,1,0,4,0,0,0
Polk County Sheriff's Office,1985,Wisconsin,33861,WI04900,23,5,18,3,3,0,0,0,2,0,0,1,1,4,0,0,4,0,6,0,0,5,1,1,0,3,0,0,0,2,0,0,0,0
Polk County Sheriff's Office,1986,Wisconsin,33977,WI04900,22,5,17,3,3,0,0,0,3,0,0,3,0,3,0,0,3,0,6,0,0,6,0,0,0,4,0,0,2,0,0,0,0,0
Polk County Sheriff's Office,1987,Wisconsin,34458,WI04900,24,5,19,3,3,0,0,0,0,0,0,0,0,2,0,0,2,0,2,0,0,2,0,0,0,2,0,0,0,0,0,0,0,0
Polk County Sheriff's Office,1988,Wisconsin,35174,WI04900,23,5,18,3,3,0,0,0,2,0,0,2,0,1,0,0,1,0,3,0,0,3,0,0,0,1,0,0,1,0,0,0,1,0
Polk County Sheriff's Office,1989,Wisconsin,35492,WI04900,21,3,18,2,2,0,0,0,2,0,0,2,0,2,0,0,2,0,4,0,0,4,0,0,0,1,0,0,2,0,1,0,0,0
Polk County Sheriff's Office,1990,Wisconsin,34773,WI04900,25,5,20,4,4,0,0,0,1,0,0,1,0,3,0,0,3,0,4,0,0,4,0,1,0,1,0,0,0,0,1,0,0,1
Polk County Sheriff's Office,1991,Wisconsin,32650,WI04900,26,6,20,3,3,0,0,0,2,0,0,2,0,5,0,0,4,1,7,0,0,6,1,1,0,2,0,0,0,0,3,0,1,0
Polk County Sheriff's Office,1992,Wisconsin,28210,WI04900,27,6,21,3,3,0,0,0,3,0,0,3,0,5,0,0,4,1,8,0,0,7,1,1,0,2,0,1,0,0,3,0,1,0
Polk County Sheriff's Office,1993,Wisconsin,27694,WI04900,29,7,22,3,3,0,0,0,1,0,0,1,0,2,0,0,2,0,3,0,0,3,0,2,0,0,0,0,1,0,0,0,0,0
Polk County Sheriff's Office,1994,Wisconsin,27935,WI04900,40,1,39,32,21,11,0,0,2,0,0,2,0,1,0,0,1,0,3,0,0,3,0,0,0,1,0,0,2,0,0,0,0,0
Polk County Sheriff's Office,1995,Wisconsin,27529,WI04900,32,8,24,3,3,0,0,0,1,0,0,1,0,1,0,0,1,0,2,0,0,2,0,0,0,0,0,0,1,0,0,0,0,1
Polk County Sheriff's Office,1996,Wisconsin,27727,WI04900,34,9,25,4,4,0,0,0,3,0,0,3,0,1,0,0,1,0,4,0,0,4,0,0,0,0,0,0,0,0,3,0,0,1
Polk County Sheriff's Office,1997,Wisconsin,27780,WI04900,34,10,24,3,3,0,0,0,1,0,0,1,0,1,0,0,1,0,2,0,0,2,0,0,0,0,0,0,0,0,0,0,1,1
Polk County Sheriff's Office,1999,Wisconsin,30706,WI04900,22,2,20,20,15,5,0,0,3,0,0,3,0,3,0,0,3,0,6,0,0,6,0,1,0,4,0,0,0,1,0,0,0,0
Polk County Sheriff's Office,2000,Wisconsin,32969,WI04900,23,2,21,21,14,7,0,0,3,0,0,3,0,1,0,0,1,0,4,0,0,4,0,0,0,3,0,0,0,0,1,0,0,0
Polk County Sheriff's Office,2001,Wisconsin,33206,WI04900,24,2,22,32,21,11,0,0,0,0,0,0,0,1,0,0,0,1,1,0,0,0,1,0,0,1,0,0,0,0,0,0,0,0
Polk County Sheriff's Office,2002,Wisconsin,32167,WI04900,21,2,19,16,11,5,0,0,4,0,0,4,0,1,0,0,1,0,5,0,0,5,0,0,0,3,0,0,2,0,0,0,0,0
Polk County Sheriff's Office,2003,Wisconsin,34132,WI04900,26,3,23,46,23,23,0,0,0,0,0,0,0,0,0,0,0,0,0,0,0,0,0,0,0,0,0,0,0,0,0,0,0,0
Polk County Sheriff's Office,2004,Wisconsin,34690,WI04900,26,3,23,46,23,23,0,0,1,0,0,1,0,1,0,0,1,0,2,0,0,2,0,0,0,2,0,0,0,0,0,0,0,0
Polk County Sheriff's Office,2005,Wisconsin,35163,WI04900,26,3,23,46,23,23,0,0,2,0,0,2,0,0,0,0,0,0,2,0,0,2,0,0,0,0,0,0,0,0,2,0,0,0
Polk County Sheriff's Office,2006,Wisconsin,35540,WI04900,28,2,26,47,24,23,0,0,0,0,0,0,0,2,0,0,1,1,2,0,0,1,1,0,0,1,0,0,0,0,0,0,0,1
Polk County Sheriff's Office,2007,Wisconsin,36446,WI04900,37,4,33,47,24,23,0,0,2,0,0,2,0,1,0,0,0,1,3,0,0,2,1,0,0,1,0,0,0,0,1,0,0,1
Polk County Sheriff's Office,2008,Wisconsin,35766,WI04900,29,3,26,47,24,23,0,0,0,0,0,0,0,0,0,0,0,0,0,0,0,0,0,0,0,0,0,0,0,0,0,0,0,0
Polk County Sheriff's Office,2009,Wisconsin,35696,WI04900,29,3,26,46,24,22,0,0,1,0,1,0,0,0,0,0,0,0,1,0,1,0,0,1,0,0,0,0,0,0,0,0,0,0
Polk County Sheriff's Office,2010,Wisconsin,35465,WI04900,29,3,26,46,24,22,0,0,0,0,0,0,0,0,0,0,0,0,0,0,0,0,0,0,0,0,0,0,0,0,0,0,0,0
Polk County Sheriff's Office,2011,Wisconsin,35620,WI04900,28,3,25,45,25,20,0,0,0,0,0,0,0,0,0,0,0,0,0,0,0,0,0,0,0,0,0,0,0,0,0,0,0,0
Polk County Sheriff's Office,2012,Wisconsin,35425,WI04900,28,2,26,45,26,19,0,0,0,0,0,0,0,0,0,0,0,0,0,0,0,0,0,0,0,0,0,0,0,0,0,0,0,0
Polk County Sheriff's Office,2013,Wisconsin,34878,WI04900,27,2,25,44,24,20,0,0,0,0,0,0,0,0,0,0,0,0,0,0,0,0,0,0,0,0,0,0,0,0,0,0,0,0
Polk County Sheriff's Office,2014,Wisconsin,33796,WI04900,28,2,26,44,24,20,0,0,0,0,0,0,0,0,0,0,0,0,0,0,0,0,0,0,0,0,0,0,0,0,0,0,0,0
Polk County Sheriff's Office,2015,Wisconsin,33747,WI04900,28,2,26,46,27,19,0,0,0,0,0,0,0,0,0,0,0,0,0,0,0,0,0,0,0,0,0,0,0,0,0,0,0,0
