agency,year,state,population,ORI,total_officers,female_employees_officers,male_employees_officers,total_civilians,female_employees_civilians,male_employees_civilians,officers_killed_accident,officers_killed_felony,assault_injury_total,assault_injury_gun,assault_injury_knife,assault_injury_hand_feet,assault_injury_other,assault_no_injury_total,assault_no_injury_gun,assault_no_injury_knife,assault_no_injury_hand_feet,assault_no_injury_other,total_assault_total,total_assault_gun,total_assault_knife,total_assault_hand_feet,total_assault_other,all_oth_total_assault,ambush_total_assault,att_oth_arrest_total_assault,burglary_total_assault,civil_disorder_total_assault,cust_prisoners_total_assault,deranged_total_assault,disturbance_total_assault,robbery_total_assault,susp_pers_total_assault,traffic_total_assault
Milwaukee Police Department,1975,Wisconsin,674369,WIMPD00,2128,27,2101,208,100,108,0,1,184,2,1,163,18,0,0,0,0,0,184,2,1,163,18,4,1,76,11,9,32,7,19,1,8,16
Milwaukee Police Department,1976,Wisconsin,652517,WIMPD00,2083,26,2057,230,123,107,0,0,174,2,1,155,16,0,0,0,0,0,174,2,1,155,16,3,1,73,2,2,48,6,20,2,8,9
Milwaukee Police Department,1977,Wisconsin,640489,WIMPD00,2083,43,2040,240,103,137,0,0,187,3,3,167,14,0,0,0,0,0,187,3,3,167,14,2,1,78,2,1,35,7,40,3,1,17
Milwaukee Police Department,1978,Wisconsin,623657,WIMPD00,2028,51,1977,236,192,44,0,0,166,0,0,161,5,0,0,0,0,0,166,0,0,161,5,2,1,42,3,8,43,10,42,1,4,10
Milwaukee Police Department,1979,Wisconsin,645097,WIMPD00,2029,69,1960,252,152,100,0,0,287,0,2,257,28,0,0,0,0,0,287,0,2,257,28,2,1,124,4,13,41,12,59,3,9,19
Milwaukee Police Department,1980,Wisconsin,633845,WIMPD00,2039,83,1956,247,165,82,0,0,286,2,1,269,14,0,0,0,0,0,286,2,1,269,14,5,4,121,8,12,48,11,50,2,6,19
Milwaukee Police Department,1981,Wisconsin,641715,WIMPD00,2030,95,1935,291,196,95,0,2,210,2,1,196,11,0,0,0,0,0,210,2,1,196,11,1,1,88,2,2,39,10,42,6,3,16
Milwaukee Police Department,1984,Wisconsin,632458,WIMPD00,2062,130,1932,310,214,96,0,0,156,0,0,149,7,0,0,0,0,0,156,0,0,149,7,2,0,66,5,0,23,18,30,4,4,4
Milwaukee Police Department,1985,Wisconsin,621931,WIMPD00,2041,146,1895,347,235,112,0,0,0,0,0,0,0,0,0,0,0,0,0,0,0,0,0,0,0,0,0,0,0,0,0,0,0,0
Milwaukee Police Department,1987,Wisconsin,607885,WIMPD00,1944,152,1792,373,256,117,2,0,175,0,1,164,10,0,0,0,0,0,175,0,1,164,10,0,1,59,1,0,42,13,44,1,4,10
Milwaukee Police Department,1988,Wisconsin,611140,WIMPD00,1947,156,1791,387,267,120,0,0,176,1,3,166,6,0,0,0,0,0,176,1,3,166,6,0,2,70,3,0,39,8,35,4,1,14
Milwaukee Police Department,1989,Wisconsin,600898,WIMPD00,1950,157,1793,393,271,122,1,0,62,1,0,59,2,0,0,0,0,0,62,1,0,59,2,0,0,25,2,0,13,3,15,1,1,2
Milwaukee Police Department,1990,Wisconsin,628100,WIMPD00,1867,166,1701,414,310,104,0,1,68,3,0,64,1,0,0,0,0,0,68,3,0,64,1,0,0,12,1,0,16,1,26,1,3,8
Milwaukee Police Department,1991,Wisconsin,636342,WIMPD00,1895,186,1709,455,327,128,0,0,323,0,0,309,14,0,0,0,0,0,323,0,0,309,14,1,1,116,8,6,51,23,73,7,3,34
Milwaukee Police Department,1992,Wisconsin,643017,WIMPD00,2002,218,1784,489,333,156,0,0,241,7,0,223,11,0,0,0,9,0,241,7,0,223,11,8,2,86,3,3,46,21,50,4,3,15
Milwaukee Police Department,1993,Wisconsin,623114,WIMPD00,2079,249,1830,402,317,85,0,0,207,1,0,198,8,0,0,0,0,0,207,1,0,198,8,2,1,68,5,3,33,15,62,0,2,16
Milwaukee Police Department,1994,Wisconsin,628737,WIMPD00,2055,250,1805,456,339,117,0,0,237,3,0,228,6,0,0,0,0,0,237,3,0,228,6,9,0,87,3,1,41,11,60,6,5,14
Milwaukee Police Department,1995,Wisconsin,622467,WIMPD00,2086,288,1798,494,348,146,0,0,221,2,0,201,18,0,0,0,0,0,221,2,0,201,18,3,2,88,3,8,34,10,43,5,2,23
Milwaukee Police Department,1996,Wisconsin,627139,WIMPD00,2130,310,1820,718,516,202,0,1,142,1,2,128,11,0,0,0,0,0,142,1,2,128,11,17,0,15,0,4,27,10,40,2,11,16
Milwaukee Police Department,1997,Wisconsin,628507,WIMPD00,2113,316,1797,452,331,121,0,0,168,1,0,153,14,0,0,0,0,0,168,1,0,153,14,14,1,21,2,0,39,15,51,2,8,15
Milwaukee Police Department,1999,Wisconsin,580899,WIMPD00,2058,328,1730,518,361,157,0,0,137,0,1,113,23,0,0,0,0,0,137,0,1,113,23,25,0,28,4,0,28,5,19,1,7,20
Milwaukee Police Department,2000,Wisconsin,596974,WIMPD00,2013,331,1682,425,307,118,0,0,201,0,0,181,20,3,2,0,0,1,204,2,0,181,21,34,0,56,2,0,33,4,43,2,12,18
Milwaukee Police Department,2001,Wisconsin,601229,WIMPD00,1923,342,1581,433,316,117,0,0,160,0,1,156,3,147,1,1,142,3,307,1,2,298,6,4,0,116,1,3,40,0,71,0,37,35
Milwaukee Police Department,2002,Wisconsin,605600,WIMPD00,1977,365,1612,448,329,119,0,0,165,3,1,156,5,75,2,1,67,5,240,5,2,223,10,11,0,102,0,7,52,13,26,0,18,11
Milwaukee Police Department,2003,Wisconsin,594269,WIMPD00,1962,365,1597,471,341,130,0,0,214,8,1,204,1,259,1,1,255,2,473,9,2,459,3,17,0,217,1,0,112,4,45,1,57,19
Milwaukee Police Department,2004,Wisconsin,590874,WIMPD00,1958,368,1590,626,435,191,0,0,167,10,1,154,2,335,0,0,334,1,502,10,1,488,3,12,0,55,0,1,220,1,72,1,108,32
Milwaukee Police Department,2005,Wisconsin,586500,WIMPD00,1922,356,1566,498,355,143,0,0,0,0,0,0,0,0,0,0,0,0,0,0,0,0,0,0,0,0,0,0,0,0,0,0,0,0
Milwaukee Police Department,2006,Wisconsin,581005,WIMPD00,1951,363,1588,464,330,134,0,0,92,0,1,83,8,208,12,3,181,12,300,12,4,264,20,120,1,52,3,0,7,2,68,3,10,34
Milwaukee Police Department,2007,Wisconsin,572938,WIMPD00,1936,368,1568,713,476,237,0,0,74,3,0,62,9,522,11,0,481,30,596,14,0,543,39,104,0,164,5,2,23,1,218,1,23,55
Milwaukee Police Department,2008,Wisconsin,602131,WIMPD00,2016,378,1638,694,462,232,0,0,87,1,0,80,6,634,10,1,588,35,721,11,1,668,41,180,2,154,9,1,20,1,202,5,18,129
Milwaukee Police Department,2009,Wisconsin,604673,WIMPD00,1921,352,1569,482,330,152,0,0,114,3,1,96,14,814,4,2,728,80,928,7,3,824,94,229,0,187,20,1,24,1,208,8,44,206
Milwaukee Police Department,2010,Wisconsin,594833,WIMPD00,1936,351,1585,727,458,269,0,0,106,1,0,90,15,90,10,0,63,17,196,11,0,153,32,54,1,40,4,1,10,0,44,2,8,32
Milwaukee Police Department,2011,Wisconsin,597426,WIMPD00,1862,331,1531,724,453,271,0,0,73,0,0,60,13,49,10,1,16,22,122,10,1,76,35,31,2,18,3,0,12,0,21,3,5,27
Milwaukee Police Department,2012,Wisconsin,599395,WIMPD00,1906,334,1572,671,430,241,0,0,92,2,0,73,17,118,8,3,74,33,210,10,3,147,50,42,0,33,1,5,22,4,73,0,10,20
Milwaukee Police Department,2013,Wisconsin,600805,WIMPD00,1862,320,1542,687,423,264,0,0,75,0,1,59,15,112,23,10,45,34,187,23,11,104,49,33,0,62,1,0,20,1,39,2,13,16
Milwaukee Police Department,2014,Wisconsin,600374,WIMPD00,1890,325,1565,646,392,254,0,0,91,0,1,75,15,90,14,6,43,27,181,14,7,118,42,31,6,45,3,4,17,1,40,4,15,15
Milwaukee Police Department,2015,Wisconsin,600400,WIMPD00,1886,326,1560,632,381,251,0,0,92,1,0,80,11,106,18,1,47,40,198,19,1,127,51,47,1,51,0,0,27,3,31,4,20,14
